999.9028550560,-0.0000909529
1000.8672688891,-0.0000909529
1001.8316827223,-0.0000909529
1002.7960965554,-0.0000909529
1003.7605103885,-0.0000909529
1004.7249242216,-0.0000458469
1005.6893380547,-0.0000489874
1006.6537518879,-0.0000781858
1007.6181657210,-0.0001140239
1008.5825795541,-0.0001492599
1009.5469933872,-0.0001900129
1010.5114072203,-0.0002367523
1011.4758210535,-0.0002753723
1012.4402348866,-0.0002724561
1013.4046487197,-0.0001959268
1014.3690625528,-0.0000438656
1015.3334763859,0.0001386386
1016.2978902190,0.0002729240
1017.2623040522,0.0002886929
1018.2267178853,0.0001729010
1019.1911317184,-0.0000170415
1020.1555455515,-0.0001774037
1021.1199593846,-0.0002177146
1022.0843732178,-0.0001108087
1023.0487870509,0.0000962118
1024.0132008840,0.0003124064
1024.9776147171,0.0004535022
1025.9420285502,0.0004816031
1026.9064423834,0.0004128817
1027.8708562165,0.0002996027
1028.8352700496,0.0001981368
1029.7996838827,0.0001406840
1030.7640977158,0.0001242359
1031.7285115489,0.0001150340
1032.6929253821,0.0000735872
1033.6573392152,-0.0000181411
1034.6217530483,-0.0001429982
1035.5861668814,-0.0002559610
1036.5505807145,-0.0003139285
1037.5149945477,-0.0003056061
1038.4794083808,-0.0002515821
1039.4438222139,-0.0001808944
1040.4082360470,-0.0001053131
1041.3726498801,-0.0000220482
1042.3370637132,0.0000620026
1043.3014775464,0.0001134349
1044.2658913795,0.0000882439
1045.2303052126,-0.0000233633
1046.1947190457,-0.0001624800
1047.1591328788,-0.0002273626
1048.1235467120,-0.0001483995
1049.0879605451,0.0000392435
1050.0523743782,0.0001968472
1051.0167882113,0.0001664406
1051.9812020444,-0.0001136568
1052.9456158776,-0.0005459670
1053.9100297107,-0.0009188151
1054.8744435438,-0.0010331188
1055.8388573769,-0.0008235108
1056.8032712100,-0.0003970100
1057.7676850431,0.0000379689
1058.7320988763,0.0002978136
1059.6965127094,0.0003257884
1060.6609265425,0.0002023575
1061.6253403756,0.0000754936
1062.5897542087,0.0000561184
1063.5541680419,0.0001499731
1064.5185818750,0.0002752699
1065.4829957081,0.0003299153
1066.4474095412,0.0002744801
1067.4118233743,0.0001577958
1068.3762372075,0.0000812645
1069.3406510406,0.0001326988
1070.3050648737,0.0003235892
1071.2694787068,0.0005808207
1072.2338925399,0.0007898671
1073.1983063730,0.0008504801
1074.1627202062,0.0007282962
1075.1271340393,0.0004626442
1076.0915478724,0.0001402843
1077.0559617055,-0.0001484021
1078.0203755386,-0.0003459453
1078.9847893718,-0.0004311937
1079.9492032049,-0.0004008254
1080.9136170380,-0.0002562407
1081.8780308711,-0.0000133352
1082.8424447042,0.0002701161
1083.8068585374,0.0004817843
1084.7712723705,0.0004986638
1085.7356862036,0.0002600772
1086.7001000367,-0.0001705014
1087.6645138698,-0.0006157731
1088.6289277029,-0.0008761088
1089.5933415361,-0.0008359515
1090.5577553692,-0.0005233509
1091.5221692023,-0.0000829876
1092.4865830354,0.0003125343
1093.4509968685,0.0005421729
1094.4154107017,0.0005714609
1095.3798245348,0.0004335953
1096.3442383679,0.0001866246
1097.3086522010,-0.0001105398
1098.2730660341,-0.0004067201
1099.2374798673,-0.0006472922
1100.2018937004,-0.0007695936
1101.1663075335,-0.0007150400
1102.1307213666,-0.0004578042
1103.0951351997,-0.0000452216
1104.0595490328,0.0003887303
1105.0239628660,0.0006607170
1105.9883766991,0.0006237388
1106.9527905322,0.0002689206
1107.9172043653,-0.0002381724
1108.8816181984,-0.0006213050
1109.8460320316,-0.0006444507
1110.8104458647,-0.0002548492
1111.7748596978,0.0003772908
1112.7392735309,0.0009481970
1113.7036873640,0.0011893669
1114.6681011971,0.0010080795
1115.6325150303,0.0005204364
1116.5969288634,-0.0000345914
1117.5613426965,-0.0004346716
1118.5257565296,-0.0005773132
1119.4901703627,-0.0005041126
1120.4545841959,-0.0003427299
1121.4189980290,-0.0002185751
1122.3834118621,-0.0001877843
1123.3478256952,-0.0002217607
1124.3122395283,-0.0002436679
1125.2766533615,-0.0001866633
1126.2410671946,-0.0000349054
1127.2054810277,0.0001613803
1128.1698948608,0.0003223914
1129.1343086939,0.0003818854
1130.0987225270,0.0003279083
1131.0631363602,0.0002062431
1132.0275501933,0.0000915595
1132.9919640264,0.0000361478
1133.9563778595,0.0000389424
1134.9207916926,0.0000376677
1135.8852055258,-0.0000406678
1136.8496193589,-0.0002282703
1137.8140331920,-0.0004695511
1138.7784470251,-0.0006407058
1139.7428608582,-0.0006197122
1140.7072746914,-0.0003787644
1141.6716885245,-0.0000174090
1142.6361023576,0.0002811967
1143.6005161907,0.0003552322
1144.5649300238,0.0001554324
1145.5293438569,-0.0002345259
1146.4937576901,-0.0006498394
1147.4581715232,-0.0009217320
1148.4225853563,-0.0009384748
1149.3869991894,-0.0006697375
1150.3514130225,-0.0001795795
1151.3158268557,0.0003763963
1152.2802406888,0.0007853902
1153.2446545219,0.0008531209
1154.2090683550,0.0005149664
1155.1734821881,-0.0001020962
1156.1378960213,-0.0007184457
1157.1023098544,-0.0010469920
1158.0667236875,-0.0009576295
1159.0311375206,-0.0005428327
1159.9955513537,-0.0000503777
1160.9599651868,0.0002722592
1161.9243790200,0.0003144890
1162.8887928531,0.0001324846
1163.8532066862,-0.0001238606
1164.8176205193,-0.0003150327
1165.7820343524,-0.0003806542
1166.7464481856,-0.0003359341
1167.7108620187,-0.0002345645
1168.6752758518,-0.0001258121
1169.6396896849,-0.0000358817
1170.6041035180,0.0000292918
1171.5685173512,0.0000628279
1172.5329311843,0.0000548854
1173.4973450174,-0.0000120376
1174.4617588505,-0.0001423366
1175.4261726836,-0.0003054552
1176.3905865167,-0.0004205026
1177.3550003499,-0.0003827815
1178.3194141830,-0.0001213549
1179.2838280161,0.0003382085
1180.2482418492,0.0008600380
1181.2126556823,0.0012454574
1182.1770695155,0.0013349955
1183.1414833486,0.0010944360
1184.1058971817,0.0006330147
1185.0703110148,0.0001318224
1186.0347248479,-0.0002608474
1186.9991386810,-0.0004976618
1187.9635525142,-0.0006177682
1188.9279663473,-0.0006668313
1189.8923801804,-0.0006300748
1190.8567940135,-0.0004346365
1191.8212078466,-0.0000277310
1192.7856216798,0.0005293685
1193.7500355129,0.0010496356
1194.7144493460,0.0013112677
1195.6788631791,0.0011897176
1196.6432770122,0.0007368824
1197.6076908454,0.0001528382
1198.5721046785,-0.0003260695
1199.5365185116,-0.0005391170
1200.5009323447,-0.0004529215
1201.4653461778,-0.0001267685
1202.4297600109,0.0003419342
1203.3941738441,0.0008464440
1204.3585876772,0.0012684222
1205.3230015103,0.0014810842
1206.2874153434,0.0013889188
1207.2518291765,0.0009834468
1208.2162430097,0.0003745267
1209.1806568428,-0.0002358520
1210.1450706759,-0.0006336265
1211.1094845090,-0.0006841737
1212.0738983421,-0.0004006620
1213.0383121753,0.0000602674
1214.0027260084,0.0004695549
1214.9671398415,0.0006369037
1215.9315536746,0.0005054050
1216.8959675077,0.0001726863
1217.8603813408,-0.0001780261
1218.8247951740,-0.0003852754
1219.7892090071,-0.0004004677
1220.7536228402,-0.0002910533
1221.7180366733,-0.0001754378
1222.6824505064,-0.0001337022
1223.6468643396,-0.0001643531
1224.6112781727,-0.0001940208
1225.5756920058,-0.0001404329
1226.5401058389,0.0000317677
1227.5045196720,0.0002829040
1228.4689335052,0.0005233477
1229.4333473383,0.0006585143
1230.3977611714,0.0006429756
1231.3621750045,0.0005005491
1232.3265888376,0.0003107233
1233.2910026707,0.0001614783
1234.2554165039,0.0000993847
1235.2198303370,0.0001173141
1236.1842441701,0.0001737851
1237.1486580032,0.0002325866
1238.1130718363,0.0002873662
1239.0774856695,0.0003433329
1240.0418995026,0.0003885956
1241.0063133357,0.0003821734
1241.9707271688,0.0002811881
1242.9351410019,0.0000834607
1243.8995548351,-0.0001515086
1244.8639686682,-0.0003285943
1245.8283825013,-0.0003740489
1246.7927963344,-0.0002779182
1247.7572101675,-0.0001007594
1248.7216240006,0.0000638856
1249.6860378338,0.0001408524
1250.6504516669,0.0000957226
1251.6148655000,-0.0000644516
1252.5792793331,-0.0003090352
1253.5436931662,-0.0005918762
1254.5081069994,-0.0008534181
1255.4725208325,-0.0010314493
1256.4369346656,-0.0010802342
1257.4013484987,-0.0009911747
1258.3657623318,-0.0008039735
1259.3301761649,-0.0005862950
1260.2945899981,-0.0003986839
1261.2590038312,-0.0002654619
1262.2234176643,-0.0001700615
1263.1878314974,-0.0000731089
1264.1522453305,0.0000561996
1265.1166591637,0.0002209919
1266.0810729968,0.0003911366
1267.0454868299,0.0005197705
1268.0099006630,0.0005637793
1268.9743144961,0.0005125392
1269.9387283293,0.0003929728
1270.9031421624,0.0002620416
1271.8675559955,0.0001725786
1272.8319698286,0.0001437817
1273.7963836617,0.0001519449
1274.7607974948,0.0001511433
1275.7252113280,0.0001051073
1276.6896251611,0.0000137057
1277.6540389942,-0.0000932760
1278.6184528273,-0.0001750187
1279.5828666604,-0.0002057766
1280.5472804936,-0.0001850383
1281.5116943267,-0.0001289753
1282.4761081598,-0.0000572189
1283.4405219929,0.0000094229
1284.4049358260,0.0000484336
1285.3693496592,0.0000383877
1286.3337634923,-0.0000331981
1287.2981773254,-0.0001517801
1288.2625911585,-0.0002765583
1289.2270049916,-0.0003527630
1290.1914188247,-0.0003410259
1291.1558326579,-0.0002423269
1292.1202464910,-0.0000947893
1293.0846603241,0.0000488471
1294.0490741572,0.0001495304
1295.0134879903,0.0001989623
1295.9779018235,0.0002130541
1296.9423156566,0.0002143896
1297.9067294897,0.0002175559
1298.8711433228,0.0002245472
1299.8355571559,0.0002320854
1300.7999709891,0.0002399098
1301.7643848222,0.0002517387
1302.7287986553,0.0002670570
1303.6932124884,0.0002803556
1304.6576263215,0.0002775608
1305.6220401546,0.0002476378
1306.5864539878,0.0001857350
1307.5508678209,0.0000975262
1308.5152816540,-0.0000055284
1309.4796954871,-0.0001115198
1310.4441093202,-0.0002102065
1311.4085231534,-0.0002944024
1312.3729369865,-0.0003626923
1313.3373508196,-0.0004128838
1314.3017646527,-0.0004461016
1315.2661784858,-0.0004555470
1316.2305923190,-0.0004342886
1317.1950061521,-0.0003709062
1318.1594199852,-0.0002650628
1319.1238338183,-0.0001333605
1320.0882476514,-0.0000077402
1321.0526614845,0.0000767775
1322.0170753177,0.0001013095
1322.9814891508,0.0000818918
1323.9459029839,0.0000535538
1324.9103168170,0.0000554479
1325.8747306501,0.0000976710
1326.8391444833,0.0001603511
1327.8035583164,0.0002001032
1328.7679721495,0.0001802112
1329.7323859826,0.0000960182
1330.6967998157,-0.0000208136
1331.6612136488,-0.0001212568
1332.6256274820,-0.0001696607
1333.5900413151,-0.0001699612
1334.5544551482,-0.0001516189
1335.5188689813,-0.0001654884
1336.4832828144,-0.0002338936
1337.4476966476,-0.0003437680
1338.4121104807,-0.0004434317
1339.3765243138,-0.0004761896
1340.3409381469,-0.0004267328
1341.3053519800,-0.0003099028
1342.2697658132,-0.0001609718
1343.2341796463,-0.0000247700
1344.1985934794,0.0000711845
1345.1630073125,0.0001125359
1346.1274211456,0.0001011957
1347.0918349787,0.0000493920
1348.0562488119,-0.0000274073
1349.0206626450,-0.0000935303
1349.9850764781,-0.0001183220
1350.9494903112,-0.0000834453
1351.9139041443,0.0000005838
1352.8783179775,0.0001011951
1353.8427318106,0.0001782868
1354.8071456437,0.0002047070
1355.7715594768,0.0001836272
1356.7359733099,0.0001361141
1357.7003871431,0.0000882088
1358.6648009762,0.0000760740
1359.6292148093,0.0001112368
1360.5936286424,0.0001986265
1361.5580424755,0.0003109711
1362.5224563086,0.0004118678
1363.4868701418,0.0004557197
1364.4512839749,0.0003918967
1365.4156978080,0.0002115591
1366.3801116411,-0.0000323970
1367.3445254742,-0.0002517141
1368.3089393074,-0.0003505052
1369.2733531405,-0.0002784082
1370.2377669736,-0.0000489559
1371.2021808067,0.0002700187
1372.1665946398,0.0005975990
1373.1310084730,0.0008853898
1374.0954223061,0.0011101570
1375.0598361392,0.0012532114
1376.0242499723,0.0012985677
1376.9886638054,0.0012391064
1377.9530776385,0.0010698863
1378.9174914717,0.0008273820
1379.8819053048,0.0005786067
1380.8463191379,0.0004148268
1381.8107329710,0.0003755282
1382.7751468041,0.0004441917
1383.7395606373,0.0005285031
1384.7039744704,0.0005276426
1385.6683883035,0.0003864193
1386.6328021366,0.0001496102
1387.5972159697,-0.0000710028
1388.5616298029,-0.0001657579
1389.5260436360,-0.0001153248
1390.4904574691,-0.0000003958
1391.4548713022,0.0000589083
1392.4192851353,-0.0000059397
1393.3836989684,-0.0001780540
1394.3481128016,-0.0003781741
1395.3125266347,-0.0005524994
1396.2769404678,-0.0007092676
1397.2413543009,-0.0008717685
1398.2057681340,-0.0010442218
1399.1701819672,-0.0011988011
1400.1345958003,-0.0013102604
1401.0990096334,-0.0013636806
1402.0634234665,-0.0013576465
1403.0278372996,-0.0012972514
1403.9922511328,-0.0011651532
1404.9566649659,-0.0009287856
1405.9210787990,-0.0005714329
1406.8854926321,-0.0001389926
1407.8499064652,0.0003045590
1408.8143202983,0.0006960745
1409.7787341315,0.0010087965
1410.7431479646,0.0012385824
1411.7075617977,0.0013923151
1412.6719756308,0.0015040446
1413.6363894639,0.0015970245
1414.6008032971,0.0016371268
1415.5652171302,0.0016170726
1416.5296309633,0.0014994675
1417.4940447964,0.0013399080
1418.4584586295,0.0011834801
1419.4228724626,0.0011138675
1420.3872862958,0.0011363530
1421.3517001289,0.0011877031
1422.3161139620,0.0011884236
1423.2805277951,0.0011360111
1424.2449416282,0.0010542201
1425.2093554614,0.0010382789
1426.1737692945,0.0011126230
1427.1381831276,0.0012570908
1428.1025969607,0.0013499928
1429.0670107938,0.0013222594
1430.0314246270,0.0011778290
1430.9958384601,0.0009290259
1431.9602522932,0.0006078803
1432.9246661263,0.0001465905
1433.8890799594,-0.0004661843
1434.8534937925,-0.0011824559
1435.8179076257,-0.0018271981
1436.7823214588,-0.0022858609
1437.7467352919,-0.0024694277
1438.7111491250,-0.0024299682
1439.6755629581,-0.0022580144
1440.6399767913,-0.0020873651
1441.6043906244,-0.0019498948
1442.5688044575,-0.0018258457
1443.5332182906,-0.0016846663
1444.4976321237,-0.0015832431
1445.4620459569,-0.0015205481
1446.4264597900,-0.0014910415
1447.3908736231,-0.0014667767
1448.3552874562,-0.0014154137
1449.3197012893,-0.0013485391
1450.2841151224,-0.0012437442
1451.2485289556,-0.0011393699
1452.2129427887,-0.0011562150
1453.1773566218,-0.0013192875
1454.1417704549,-0.0016770861
1455.1061842880,-0.0020920851
1456.0705981212,-0.0024258208
1457.0350119543,-0.0024774226
1457.9994257874,-0.0021407199
1458.9638396205,-0.0015487288
1459.9282534536,-0.0009441396
1460.8926672868,-0.0004799506
1461.8570811199,-0.0003240416
1462.8214949530,-0.0004045720
1463.7859087861,-0.0006867308
1464.7503226192,-0.0010222141
1465.7147364523,-0.0013659054
1466.6791502855,-0.0016719104
1467.6435641186,-0.0019077332
1468.6079779517,-0.0020865176
1469.5723917848,-0.0021943992
1470.5368056179,-0.0021901994
1471.5012194511,-0.0019916792
1472.4656332842,-0.0015850053
1473.4300471173,-0.0010082289
1474.3944609504,-0.0003862443
1475.3588747835,0.0001569618
1476.3232886167,0.0005579129
1477.2877024498,0.0008465071
1478.2521162829,0.0010568803
1479.2165301160,0.0012491142
1480.1809439491,0.0013991861
1481.1453577822,0.0015086886
1482.1097716154,0.0015302056
1483.0741854485,0.0015266007
1484.0385992816,0.0015363225
1485.0030131147,0.0015680873
1485.9674269478,0.0016234147
1486.9318407810,0.0016567995
1487.8962546141,0.0016172460
1488.8606684472,0.0015171866
1489.8250822803,0.0014057029
1490.7894961134,0.0013581923
1491.7539099465,0.0013581645
1492.7183237797,0.0013268263
1493.6827376128,0.0012246385
1494.6471514459,0.0010116377
1495.6115652790,0.0007454097
1496.5759791121,0.0004875560
1497.5403929453,0.0003152041
1498.5048067784,0.0002651911
1499.4692206115,0.0003654921
1500.4336344446,0.0005976715
1501.3980482777,0.0010459222
1502.3624621109,0.0015600269
1503.3268759440,0.0019661754
1504.2912897771,0.0021136154
1505.2557036102,0.0020542040
1506.2201174433,0.0019775324
1507.1845312764,0.0019480495
1508.1489451096,0.0019350948
1509.1133589427,0.0018111542
1510.0777727758,0.0012886793
1511.0421866089,0.0003042205
1512.0066004420,-0.0009663410
1512.9710142752,-0.0021964391
1513.9354281083,-0.0030264547
1514.8998419414,-0.0032425034
1515.8642557745,-0.0027420875
1516.8286696076,-0.0017372681
1517.7930834408,-0.0005493002
1518.7574972739,0.0004584041
1519.7219111070,0.0011190374
1520.6863249401,0.0013872213
1521.6507387732,0.0014074392
1522.6151526063,0.0013537211
1523.5795664395,0.0012614542
1524.5439802726,0.0011100225
1525.5083941057,0.0008815905
1526.4728079388,0.0006203230
1527.4372217719,0.0004666990
1528.4016356051,0.0004777099
1529.3660494382,0.0006031108
1530.3304632713,0.0006694799
1531.2948771044,0.0005586391
1532.2592909375,0.0003444426
1533.2237047707,0.0001398173
1534.1881186038,0.0001289899
1535.1525324369,0.0002681699
1536.1169462700,0.0003922547
1537.0813601031,0.0003817740
1538.0457739362,0.0002202280
1539.0101877694,-0.0000382000
1539.9746016025,-0.0002194791
1540.9390154356,-0.0002430438
1541.9034292687,-0.0001967658
1542.8678431018,-0.0002464121
1543.8322569350,-0.0004289285
1544.7966707681,-0.0006373765
1545.7610846012,-0.0007651080
1546.7254984343,-0.0007789434
1547.6899122674,-0.0006324959
1548.6543261006,-0.0003997977
1549.6187399337,-0.0002567129
1550.5831537668,-0.0002385791
1551.5475675999,-0.0003583535
1552.5119814330,-0.0004517118
1553.4763952661,-0.0003506883
1554.4408090993,-0.0000710386
1555.4052229324,0.0003151514
1556.3696367655,0.0005221315
1557.3340505986,0.0004437893
1558.2984644317,0.0000447194
1559.2628782649,-0.0004431412
1560.2272920980,-0.0007392170
1561.1917059311,-0.0008647483
1562.1561197642,-0.0009348074
1563.1205335973,-0.0010129630
1564.0849474304,-0.0011434413
1565.0493612636,-0.0011909538
1566.0137750967,-0.0011419669
1566.9781889298,-0.0009695787
1567.9426027629,-0.0007892181
1568.9070165960,-0.0007090219
1569.8714304292,-0.0006200259
1570.8358442623,-0.0004678354
1571.8002580954,-0.0002076239
1572.7646719285,-0.0000107331
1573.7290857616,0.0000330070
1574.6934995948,-0.0001290184
1575.6579134279,-0.0003476431
1576.6223272610,-0.0004853777
1577.5867410941,-0.0005220792
1578.5511549272,-0.0005410205
1579.5155687603,-0.0005972112
1580.4799825935,-0.0007710428
1581.4443964266,-0.0009824759
1582.4088102597,-0.0011527281
1583.3732240928,-0.0011791287
1584.3376379259,-0.0010763876
1585.3020517591,-0.0009225073
1586.2664655922,-0.0007197738
1587.2308794253,-0.0004552996
1588.1952932584,-0.0001106350
1589.1597070915,0.0003066591
1590.1241209247,0.0007653950
1591.0885347578,0.0012239695
1592.0529485909,0.0016332086
1593.0173624240,0.0019507839
1593.9817762571,0.0021588828
1594.9461900902,0.0022691987
1595.9106039234,0.0023112018
1596.8750177565,0.0023128523
1597.8394315896,0.0022850549
1598.8038454227,0.0022265376
1599.7682592558,0.0021302933
1600.7326730890,0.0020051019
1601.6970869221,0.0018831203
1602.6615007552,0.0018075858
1603.6259145883,0.0018055218
1604.5903284214,0.0018808561
1605.5547422546,0.0020004690
1606.5191560877,0.0021033131
1607.4835699208,0.0021190553
1608.4479837539,0.0020089897
1609.4123975870,0.0018296659
1610.3768114201,0.0017267492
1611.3412252533,0.0018115239
1612.3056390864,0.0021810734
1613.2700529195,0.0027181422
1614.2344667526,0.0032865268
1615.1988805857,0.0037453040
1616.1632944189,0.0040856511
1617.1277082520,0.0043451432
1618.0921220851,0.0044931630
1619.0565359182,0.0044052810
1620.0209497513,0.0039947247
1620.9853635845,0.0031471015
1621.9497774176,0.0019960010
1622.9141912507,0.0007512552
1623.8786050838,-0.0003102692
1624.8430189169,-0.0010617706
1625.8074327500,-0.0015243578
1626.7718465832,-0.0017581953
1627.7362604163,-0.0018098825
1628.7006742494,-0.0017092018
1629.6650880825,-0.0015102515
1630.6295019156,-0.0012983646
1631.5939157488,-0.0013279764
1632.5583295819,-0.0018589204
1633.5227434150,-0.0030139969
1634.4871572481,-0.0046593151
1635.4515710812,-0.0064439406
1636.4159849143,-0.0080198441
1637.3803987475,-0.0090599693
1638.3448125806,-0.0093555618
1639.3092264137,-0.0089355297
1640.2736402468,-0.0079111354
1641.2380540799,-0.0065173674
1642.2024679131,-0.0049680690
1643.1668817462,-0.0035779520
1644.1312955793,-0.0026442946
1645.0957094124,-0.0021874157
1646.0601232455,-0.0020217516
1647.0245370787,-0.0018109919
1647.9889509118,-0.0014292182
1648.9533647449,-0.0010858558
1649.9177785780,-0.0009646035
1650.8821924111,-0.0013061193
1651.8466062442,-0.0019271044
1652.8110200774,-0.0026406387
1653.7754339105,-0.0031109746
1654.7398477436,-0.0031979824
1655.7042615767,-0.0030458081
1656.6686754098,-0.0028396358
1657.6330892430,-0.0025841652
1658.5975030761,-0.0022936030
1659.5619169092,-0.0018482137
1660.5263307423,-0.0013493502
1661.4907445754,-0.0007734005
1662.4551584086,-0.0002025328
1663.4195722417,0.0003329921
1664.3839860748,0.0008428917
1665.3483999079,0.0012627762
1666.3128137410,0.0015109397
1667.2772275741,0.0015501713
1668.2416414073,0.0014752439
1669.2060552404,0.0014187843
1670.1704690735,0.0014637298
1671.1348829066,0.0015835582
1672.0992967397,0.0016431730
1673.0637105729,0.0015658028
1674.0281244060,0.0013648678
1674.9925382391,0.0011173200
1675.9569520722,0.0009051589
1676.9213659053,0.0007497485
1677.8857797385,0.0006785726
1678.8501935716,0.0006599535
1679.8146074047,0.0007180675
1680.7790212378,0.0007519781
1681.7434350709,0.0006966107
1682.7078489040,0.0005644473
1683.6722627372,0.0004962496
1684.6366765703,0.0005390705
1685.6010904034,0.0007698991
1686.5655042365,0.0010856276
1687.5299180696,0.0013501222
1688.4943319028,0.0013973188
1689.4587457359,0.0013130668
1690.4231595690,0.0013138653
1691.3875734021,0.0014681055
1692.3519872352,0.0015530195
1693.3164010684,0.0015236944
1694.2808149015,0.0013899462
1695.2452287346,0.0012904785
1696.2096425677,0.0013515865
1697.1740564008,0.0015284907
1698.1384702339,0.0017070200
1699.1028840671,0.0017563748
1700.0672979002,0.0017106206
1701.0317117333,0.0016363615
1701.9961255664,0.0015809685
1702.9605393995,0.0015118493
1703.9249532327,0.0013304561
1704.8893670658,0.0009962739
1705.8537808989,0.0006050731
1706.8181947320,0.0003357682
1707.7826085651,0.0002641514
1708.7470223982,0.0002539564
1709.7114362314,0.0002392857
1710.6758500645,0.0001790305
1711.6402638976,0.0001818518
1712.6046777307,0.0002805349
1713.5690915638,0.0003953113
1714.5335053970,0.0004251261
1715.4979192301,0.0003125271
1716.4623330632,0.0001401807
1717.4267468963,-0.0000368034
1718.3911607294,-0.0001248225
1719.3555745626,-0.0000785288
1720.3199883957,-0.0000176129
1721.2844022288,-0.0000279687
1722.2488160619,-0.0001179339
1723.2132298950,-0.0002447740
1724.1776437281,-0.0003161742
1725.1420575613,-0.0003596971
1726.1064713944,-0.0003568641
1727.0708852275,-0.0003420280
1728.0352990606,-0.0002368013
1728.9997128937,-0.0000249452
1729.9641267269,0.0001826854
1730.9285405600,0.0002676612
1731.8929543931,0.0001435095
1732.8573682262,-0.0000618410
1733.8217820593,-0.0002335427
1734.7861958925,-0.0002236310
1735.7506097256,-0.0000227031
1736.7150235587,0.0001966981
1737.6794373918,0.0002853177
1738.6438512249,0.0002253594
1739.6082650580,0.0000922762
1740.5726788912,0.0000360920
1741.5370927243,0.0000432821
1742.5015065574,0.0000968851
1743.4659203905,0.0001052683
1744.4303342236,0.0000867230
1745.3947480568,0.0000954226
1746.3591618899,0.0001370041
1747.3235757230,0.0001831802
1748.2879895561,0.0001564787
1749.2524033892,0.0000206500
1750.2168172224,-0.0001341238
1751.1812310555,-0.0001914535
1752.1456448886,-0.0001169369
1753.1100587217,0.0000190113
1754.0744725548,0.0001099110
1755.0388863879,0.0001177755
1756.0033002211,0.0000660632
1756.9677140542,0.0000193608
1757.9321278873,0.0000539998
1758.8965417204,0.0001341191
1759.8609555535,0.0001747943
1760.8253693867,0.0001324381
1761.7897832198,0.0000521628
1762.7541970529,0.0000056380
1763.7186108860,0.0000000487
1764.6830247191,-0.0000338765
1765.6474385523,-0.0001086773
1766.6118523854,-0.0001960233
1767.5762662185,-0.0002232526
1768.5406800516,-0.0001443356
1769.5050938847,-0.0000026659
1770.4695077178,0.0001335191
1771.4339215510,0.0001718183
1772.3983353841,0.0001322486
1773.3627492172,0.0001029486
1774.3271630503,0.0001110255
1775.2915768834,0.0001497181
1776.2559907166,0.0001719523
1777.2204045497,0.0001066896
1778.1848183828,-0.0000183735
1779.1492322159,-0.0001511111
1780.1136460490,-0.0002038354
1781.0780598821,-0.0001830301
1782.0424737153,-0.0001417736
1783.0068875484,-0.0001083903
1783.9713013815,-0.0000953672
1784.9357152146,-0.0000976745
1785.9001290477,-0.0000772983
1786.8645428809,-0.0000216329
1787.8289567140,0.0000761889
1788.7933705471,0.0001524315
1789.7577843802,0.0001725811
1790.7221982133,0.0001396364
1791.6866120465,0.0001075677
1792.6510258796,0.0000826263
1793.6154397127,0.0000786957
1794.5798535458,0.0000694160
1795.5442673789,0.0000628334
1796.5086812120,0.0000277066
1797.4730950452,-0.0000258864
1798.4375088783,-0.0000835812
1799.4019227114,-0.0001190072
1800.3663365445,-0.0001325554
1801.3307503776,-0.0001179190
1802.2951642108,-0.0000823146
1803.2595780439,-0.0000361140
1804.2239918770,-0.0000016012
1805.1884057101,0.0000055443
1806.1528195432,-0.0000069570
1807.1172333764,-0.0000215322
1808.0816472095,-0.0000167781
1809.0460610426,-0.0000013462
1810.0104748757,0.0000266395
1810.9748887088,0.0000580922
1811.9393025419,0.0000882715
1812.9037163751,0.0001084684
1813.8681302082,0.0001091198
1814.8325440413,0.0000782155
1815.7969578744,0.0000176280
1816.7613717075,-0.0000614324
1817.7257855407,-0.0001294369
1818.6901993738,-0.0001630210
1819.6546132069,-0.0001496940
1820.6190270400,-0.0001087289
1821.5834408731,-0.0000743266
1822.5478547063,-0.0000509797
1823.5122685394,-0.0000223539
1824.4766823725,0.0000310311
1825.4410962056,0.0001069740
1826.4055100387,0.0001612559
1827.3699238718,0.0001595441
1828.3343377050,0.0000850332
1829.2987515381,-0.0000166132
1830.2631653712,-0.0000912096
1831.2275792043,-0.0000940950
1832.1919930374,-0.0000316702
1833.1564068706,0.0000480783
1834.1208207037,0.0000846599
1835.0852345368,0.0000572697
1836.0496483699,-0.0000134727
1837.0140622030,-0.0000674207
1837.9784760362,-0.0000787372
1838.9428898693,-0.0000118886
1839.9073037024,0.0000787076
1840.8717175355,0.0001262919
1841.8361313686,0.0000985855
1842.8005452017,0.0000217125
1843.7649590349,-0.0000695992
1844.7293728680,-0.0001088825
1845.6937867011,-0.0000742405
1846.6582005342,0.0000165278
1847.6226143673,0.0000947878
1848.5870282005,0.0001214137
1849.5514420336,0.0000940972
1850.5158558667,0.0000350927
1851.4802696998,-0.0000465183
1852.4446835329,-0.0001133301
1853.4090973661,-0.0001530013
1854.3735111992,-0.0001539270
1855.3379250323,-0.0001029449
1856.3023388654,-0.0000208659
1857.2667526985,0.0000556491
1858.2311665316,0.0000966048
1859.1955803648,0.0000930562
1860.1599941979,0.0000539715
1861.1244080310,-0.0000018484
1862.0888218641,-0.0000502433
1863.0532356972,-0.0000569497
1864.0176495304,-0.0000223116
1864.9820633635,0.0000242936
1865.9464771966,0.0000528493
1866.9108910297,0.0000467157
1867.8753048628,0.0000035027
1868.8397186959,-0.0000414861
1869.8041325291,-0.0000558092
1870.7685463622,-0.0000316958
1871.7329601953,0.0000092358
1872.6973740284,0.0000418034
1873.6617878615,0.0000573077
1874.6262016947,0.0000525335
1875.5906155278,0.0000314359
1876.5550293609,0.0000152312
1877.5194431940,0.0000064128
1878.4838570271,0.0000013325
1879.4482708603,0.0000054737
1880.4126846934,0.0000123187
1881.3770985265,0.0000121883
1882.3415123596,0.0000000321
1883.3059261927,-0.0000161957
1884.2703400258,-0.0000170796
1885.2347538590,-0.0000035821
1886.1991676921,0.0000076555
1887.1635815252,-0.0000016789
1888.1279953583,-0.0000333316
1889.0924091914,-0.0000646233
1890.0568230246,-0.0000738775
1891.0212368577,-0.0000490985
1891.9856506908,-0.0000008702
1892.9500645239,0.0000364912
1893.9144783570,0.0000429586
1894.8788921902,0.0000196048
1895.8433060233,-0.0000102503
1896.8077198564,-0.0000223480
1897.7721336895,-0.0000128449
1898.7365475226,0.0000076821
1899.7009613557,0.0000158833
1900.6653751889,-0.0000013627
1901.6297890220,-0.0000392355
1902.5942028551,-0.0000779132
1903.5586166882,-0.0000892464
1904.5230305213,-0.0000635212
1905.4874443545,-0.0000165942
1906.4518581876,0.0000205487
1907.4162720207,0.0000238346
1908.3806858538,-0.0000068522
1909.3450996869,-0.0000467094
1910.3095135201,-0.0000627030
1911.2739273532,-0.0000322112
1912.2383411863,0.0000373562
1913.2027550194,0.0001051284
1914.1671688525,0.0001374485
1915.1315826856,0.0001100380
1916.0959965188,0.0000460895
1917.0604103519,-0.0000144366
1918.0248241850,-0.0000340149
1918.9892380181,-0.0000088983
1919.9536518512,0.0000305717
1920.9180656844,0.0000472672
1921.8824795175,0.0000282180
1922.8468933506,-0.0000179858
1923.8113071837,-0.0000532431
1924.7757210168,-0.0000576285
1925.7401348500,-0.0000267375
1926.7045486831,0.0000136107
1927.6689625162,0.0000353121
1928.6333763493,0.0000291243
1929.5977901824,0.0000007571
1930.5622040155,-0.0000318955
1931.5266178487,-0.0000563480
1932.4910316818,-0.0000646472
1933.4554455149,-0.0000553686
1934.4198593480,-0.0000345730
1935.3842731811,-0.0000070648
1936.3486870143,0.0000291620
1937.3131008474,0.0000691746
1938.2775146805,0.0001061780
1939.2419285136,0.0001152566
1940.2063423467,0.0000788860
1941.1707561798,-0.0000037769
1942.1351700130,-0.0001035944
1943.0995838461,-0.0001739649
1944.0639976792,-0.0001774729
1945.0284115123,-0.0001047551
1945.9928253454,0.0000223156
1946.9572391786,0.0001460256
1947.9216530117,0.0002174196
1948.8860668448,0.0002109966
1949.8504806779,0.0001344403
1950.8148945110,0.0000170251
1951.7793083442,-0.0001033545
1952.7437221773,-0.0001878817
1953.7081360104,-0.0002123405
1954.6725498435,-0.0001718197
1955.6369636766,-0.0000805093
1956.6013775097,0.0000297248
1957.5657913429,0.0001152085
1958.5302051760,0.0001404874
1959.4946190091,0.0000973439
1960.4590328422,0.0000123271
1961.4234466753,-0.0000670611
1962.3878605085,-0.0000947801
1963.3522743416,-0.0000578678
1964.3166881747,0.0000240780
1965.2811020078,0.0001095451
1966.2455158409,0.0001582130
1967.2099296741,0.0001492360
1968.1743435072,0.0000848522
1969.1387573403,-0.0000089577
1970.1031711734,-0.0000966080
1971.0675850065,-0.0001524893
1972.0319988396,-0.0001647577
1972.9964126728,-0.0001429092
1973.9608265059,-0.0001062486
1974.9252403390,-0.0000720941
1975.8896541721,-0.0000452345
1976.8540680052,-0.0000170895
1977.8184818384,0.0000195134
1978.7828956715,0.0000612296
1979.7473095046,0.0000911080
1980.7117233377,0.0000919444
1981.6761371708,0.0000615026
1982.6405510040,0.0000168582
1983.6049648371,-0.0000159398
1984.5693786702,-0.0000146418
1985.5337925033,0.0000242842
1986.4982063364,0.0000815358
1987.4626201695,0.0001184942
1988.4270340027,0.0001035831
1989.3914478358,0.0000332060
1990.3558616689,-0.0000607477
1991.3202755020,-0.0001289008
1992.2846893351,-0.0001387669
1993.2491031683,-0.0000913987
1994.2135170014,-0.0000207811
1995.1779308345,0.0000263614
1996.1423446676,0.0000276025
1997.1067585007,0.0000276025
1998.0711723339,0.0000276025
1999.0355861670,0.0000276025
2000.0000000001,0.0000276025
