999.9028550560,-0.0005990833
1000.8672688891,-0.0005990833
1001.8316827223,-0.0005990833
1002.7960965554,-0.0005990833
1003.7605103885,-0.0005990833
1004.7249242216,-0.0007618049
1005.6893380547,-0.0009052862
1006.6537518879,-0.0009446044
1007.6181657210,-0.0007992108
1008.5825795541,-0.0004654867
1009.5469933872,-0.0000417288
1010.5114072203,0.0003254257
1011.4758210535,0.0005221434
1012.4402348866,0.0005371373
1013.4046487197,0.0004443490
1014.3690625528,0.0003417147
1015.3334763859,0.0002803345
1016.2978902190,0.0002469931
1017.2623040522,0.0001966753
1018.2267178853,0.0001071511
1019.1911317184,0.0000055143
1020.1555455515,-0.0000410813
1021.1199593846,0.0000232143
1022.0843732178,0.0002062646
1023.0487870509,0.0004478136
1024.0132008840,0.0006601770
1024.9776147171,0.0007841989
1025.9420285502,0.0008361314
1026.9064423834,0.0009061288
1027.8708562165,0.0010965499
1028.8352700496,0.0014566230
1029.7996838827,0.0019437810
1030.7640977158,0.0024525370
1031.7285115489,0.0028712598
1032.6929253821,0.0031274876
1033.6573392152,0.0031840610
1034.6217530483,0.0030014303
1035.5861668814,0.0025092778
1036.5505807145,0.0016207247
1037.5149945477,0.0002780954
1038.4794083808,-0.0014701410
1039.4438222139,-0.0034360748
1040.4082360470,-0.0053113727
1041.3726498801,-0.0067661884
1042.3370637132,-0.0075654145
1043.3014775464,-0.0076378928
1044.2658913795,-0.0070577855
1045.2303052126,-0.0059632352
1046.1947190457,-0.0044832202
1047.1591328788,-0.0027493497
1048.1235467120,-0.0009608096
1049.0879605451,0.0005762102
1050.0523743782,0.0015319454
1051.0167882113,0.0017182822
1051.9812020444,0.0012310937
1052.9456158776,0.0004353269
1053.9100297107,-0.0002119519
1054.8744435438,-0.0003969028
1055.8388573769,-0.0000787721
1056.8032712100,0.0005421978
1057.7676850431,0.0011835644
1058.7320988763,0.0016365442
1059.6965127094,0.0018381237
1060.6609265425,0.0018445841
1061.6253403756,0.0017595196
1062.5897542087,0.0016529380
1063.5541680419,0.0015253061
1064.5185818750,0.0013146880
1065.4829957081,0.0009525440
1066.4474095412,0.0004421941
1067.4118233743,-0.0001015087
1068.3762372075,-0.0004799918
1069.3406510406,-0.0005068010
1070.3050648737,-0.0001280028
1071.2694787068,0.0005310258
1072.2338925399,0.0012117252
1073.1983063730,0.0016476904
1074.1627202062,0.0016952007
1075.1271340393,0.0013880442
1076.0915478724,0.0008940207
1077.0559617055,0.0004102294
1078.0203755386,0.0000620663
1078.9847893718,-0.0001202862
1079.9492032049,-0.0001567347
1080.9136170380,-0.0000597482
1081.8780308711,0.0001845913
1082.8424447042,0.0005597392
1083.8068585374,0.0009697773
1084.7712723705,0.0012450234
1085.7356862036,0.0012203308
1086.7001000367,0.0008404821
1087.6645138698,0.0002014005
1088.6289277029,-0.0004999604
1089.5933415361,-0.0010524298
1090.5577553692,-0.0013131012
1091.5221692023,-0.0012203635
1092.4865830354,-0.0007896144
1093.4509968685,-0.0001198279
1094.4154107017,0.0006045026
1095.3798245348,0.0011422386
1096.3442383679,0.0012738274
1097.3086522010,0.0009220222
1098.2730660341,0.0002068005
1099.2374798673,-0.0006033462
1100.2018937004,-0.0012216642
1101.1663075335,-0.0014809477
1102.1307213666,-0.0013677047
1103.0951351997,-0.0009889964
1104.0595490328,-0.0004925863
1105.0239628660,-0.0000189047
1105.9883766991,0.0003107064
1106.9527905322,0.0004049698
1107.9172043653,0.0002450774
1108.8816181984,-0.0000782661
1109.8460320316,-0.0003742720
1110.8104458647,-0.0004411042
1111.7748596978,-0.0001835231
1112.7392735309,0.0003077645
1113.7036873640,0.0007947714
1114.6681011971,0.0010171653
1115.6325150303,0.0008411446
1116.5969288634,0.0003275016
1117.5613426965,-0.0003164488
1118.5257565296,-0.0008486553
1119.4901703627,-0.0011029575
1120.4545841959,-0.0010309035
1121.4189980290,-0.0006992678
1122.3834118621,-0.0002376213
1123.3478256952,0.0002105258
1124.3122395283,0.0005252265
1125.2766533615,0.0006250892
1126.2410671946,0.0004794554
1127.2054810277,0.0001039660
1128.1698948608,-0.0004310875
1129.1343086939,-0.0010089589
1130.0987225270,-0.0014607459
1131.0631363602,-0.0016081731
1132.0275501933,-0.0013369509
1132.9919640264,-0.0006871349
1133.9563778595,0.0001231255
1134.9207916926,0.0007544972
1135.8852055258,0.0009105120
1136.8496193589,0.0005028785
1137.8140331920,-0.0002642484
1138.7784470251,-0.0009844356
1139.7428608582,-0.0012694420
1140.7072746914,-0.0009885816
1141.6716885245,-0.0003475197
1142.6361023576,0.0002395946
1143.6005161907,0.0004101785
1144.5649300238,0.0000660383
1145.5293438569,-0.0006022899
1146.4937576901,-0.0012629469
1147.4581715232,-0.0016379637
1148.4225853563,-0.0016120275
1149.3869991894,-0.0012173906
1150.3514130225,-0.0005636129
1151.3158268557,0.0001962552
1152.2802406888,0.0008737259
1153.2446545219,0.0012557964
1154.2090683550,0.0011919854
1155.1734821881,0.0006929502
1156.1378960213,-0.0000328577
1157.1023098544,-0.0006866627
1158.0667236875,-0.0010481435
1159.0311375206,-0.0010968349
1159.9955513537,-0.0009822765
1160.9599651868,-0.0008917428
1161.9243790200,-0.0009067327
1162.8887928531,-0.0009909949
1163.8532066862,-0.0010796286
1164.8176205193,-0.0011790555
1165.7820343524,-0.0013735798
1166.7464481856,-0.0017324095
1167.7108620187,-0.0022169675
1168.6752758518,-0.0026602992
1169.6396896849,-0.0028655503
1170.6041035180,-0.0027391443
1171.5685173512,-0.0023646837
1172.5329311843,-0.0019422222
1173.4973450174,-0.0016601118
1174.4617588505,-0.0015627873
1175.4261726836,-0.0015373693
1176.3905865167,-0.0013877966
1177.3550003499,-0.0009825316
1178.3194141830,-0.0003392247
1179.2838280161,0.0003800530
1180.2482418492,0.0009778797
1181.2126556823,0.0013309091
1182.1770695155,0.0014436004
1183.1414833486,0.0014133676
1184.1058971817,0.0013542307
1185.0703110148,0.0013154522
1186.0347248479,0.0012757166
1186.9991386810,0.0012001075
1187.9635525142,0.0011306001
1188.9279663473,0.0012284836
1189.8923801804,0.0016968080
1190.8567940135,0.0026494754
1191.8212078466,0.0039677527
1192.7856216798,0.0052784360
1193.7500355129,0.0061270972
1194.7144493460,0.0062331227
1195.6788631791,0.0056771534
1196.6432770122,0.0048458851
1197.6076908454,0.0041762409
1198.5721046785,0.0038883779
1199.5365185116,0.0038749136
1200.5009323447,0.0038470258
1201.4653461778,0.0035995203
1202.4297600109,0.0031677922
1203.3941738441,0.0027685997
1204.3585876772,0.0025557091
1205.3230015103,0.0024725862
1206.2874153434,0.0022956631
1207.2518291765,0.0018247531
1208.2162430097,0.0010625594
1209.1806568428,0.0002081978
1210.1450706759,-0.0004806157
1211.1094845090,-0.0008482081
1212.0738983421,-0.0009057259
1213.0383121753,-0.0007764939
1214.0027260084,-0.0006035831
1214.9671398415,-0.0004958303
1215.9315536746,-0.0005088460
1216.8959675077,-0.0006646276
1217.8603813408,-0.0009355489
1218.8247951740,-0.0012327223
1219.7892090071,-0.0014284694
1220.7536228402,-0.0014387828
1221.7180366733,-0.0012759392
1222.6824505064,-0.0010688106
1223.6468643396,-0.0009764851
1224.6112781727,-0.0010695952
1225.5756920058,-0.0012624852
1226.5401058389,-0.0013588006
1227.5045196720,-0.0011898070
1228.4689335052,-0.0007296231
1229.4333473383,-0.0001138778
1230.3977611714,0.0004382916
1231.3621750045,0.0007629099
1232.3265888376,0.0008274092
1233.2910026707,0.0007286724
1234.2554165039,0.0006142537
1235.2198303370,0.0005925389
1236.1842441701,0.0006808590
1237.1486580032,0.0008213945
1238.1130718363,0.0009337441
1239.0774856695,0.0009672772
1240.0418995026,0.0009103518
1241.0063133357,0.0007842736
1241.9707271688,0.0006114521
1242.9351410019,0.0004062919
1243.8995548351,0.0001861297
1244.8639686682,-0.0000115897
1245.8283825013,-0.0001265038
1246.7927963344,-0.0001068136
1247.7572101675,0.0000404141
1248.7216240006,0.0002304511
1249.6860378338,0.0003350113
1250.6504516669,0.0002489061
1251.6148655000,-0.0000491815
1252.5792793331,-0.0004891408
1253.5436931662,-0.0009432537
1254.5081069994,-0.0012935667
1255.4725208325,-0.0014775661
1256.4369346656,-0.0015019953
1257.4013484987,-0.0014216068
1258.3657623318,-0.0013033274
1259.3301761649,-0.0011917225
1260.2945899981,-0.0010931994
1261.2590038312,-0.0009759621
1262.2234176643,-0.0007969870
1263.1878314974,-0.0005357117
1264.1522453305,-0.0002155801
1265.1166591637,0.0000984614
1266.0810729968,0.0003361512
1267.0454868299,0.0004471737
1268.0099006630,0.0004133524
1268.9743144961,0.0002613833
1269.9387283293,0.0000393228
1270.9031421624,-0.0001956144
1271.8675559955,-0.0003970474
1272.8319698286,-0.0005413692
1273.7963836617,-0.0006216402
1274.7607974948,-0.0006385465
1275.7252113280,-0.0006014566
1276.6896251611,-0.0005223689
1277.6540389942,-0.0004319476
1278.6184528273,-0.0003685426
1279.5828666604,-0.0003611594
1280.5472804936,-0.0004043292
1281.5116943267,-0.0004528726
1282.4761081598,-0.0004417260
1283.4405219929,-0.0003405871
1284.4049358260,-0.0001762163
1285.3693496592,-0.0000246245
1286.3337634923,0.0000413484
1287.2981773254,-0.0000027298
1288.2625911585,-0.0001270867
1289.2270049916,-0.0002742857
1290.1914188247,-0.0003937675
1291.1558326579,-0.0004612568
1292.1202464910,-0.0004652111
1293.0846603241,-0.0003917536
1294.0490741572,-0.0002270256
1295.0134879903,0.0000207817
1295.9779018235,0.0003035720
1296.9423156566,0.0005491247
1297.9067294897,0.0006866062
1298.8711433228,0.0006835202
1299.8355571559,0.0005481651
1300.7999709891,0.0003259327
1301.7643848222,0.0000751064
1302.7287986553,-0.0001463529
1303.6932124884,-0.0002922096
1304.6576263215,-0.0003366806
1305.6220401546,-0.0002832740
1306.5864539878,-0.0001688395
1307.5508678209,-0.0000555087
1308.5152816540,-0.0000020493
1309.4796954871,-0.0000388853
1310.4441093202,-0.0001442817
1311.4085231534,-0.0002586829
1312.3729369865,-0.0003160128
1313.3373508196,-0.0002794772
1314.3017646527,-0.0001642330
1315.2661784858,-0.0000179825
1316.2305923190,0.0001020437
1317.1950061521,0.0001685201
1318.1594199852,0.0001768456
1319.1238338183,0.0001344667
1320.0882476514,0.0000455343
1321.0526614845,-0.0000968257
1322.0170753177,-0.0002830452
1322.9814891508,-0.0004710034
1323.9459029839,-0.0006000391
1324.9103168170,-0.0006055273
1325.8747306501,-0.0004755188
1326.8391444833,-0.0002471517
1327.8035583164,-0.0000077432
1328.7679721495,0.0001447191
1329.7323859826,0.0001586782
1330.6967998157,0.0000472005
1331.6612136488,-0.0001113213
1332.6256274820,-0.0002160694
1333.5900413151,-0.0002126897
1334.5544551482,-0.0000972093
1335.5188689813,0.0000518748
1336.4832828144,0.0001534861
1337.4476966476,0.0001667250
1338.4121104807,0.0001235619
1339.3765243138,0.0000984721
1340.3409381469,0.0001253379
1341.3053519800,0.0001980543
1342.2697658132,0.0002756084
1343.2341796463,0.0002958571
1344.1985934794,0.0002421949
1345.1630073125,0.0001351439
1346.1274211456,0.0000249964
1347.0918349787,-0.0000455751
1348.0562488119,-0.0000702801
1349.0206626450,-0.0000482961
1349.9850764781,0.0000117787
1350.9494903112,0.0001071535
1351.9139041443,0.0002329144
1352.8783179775,0.0003698494
1353.8427318106,0.0004886665
1354.8071456437,0.0005535567
1355.7715594768,0.0005531457
1356.7359733099,0.0004835629
1357.7003871431,0.0003446595
1358.6648009762,0.0001619899
1359.6292148093,-0.0000513305
1360.5936286424,-0.0002468302
1361.5580424755,-0.0003841424
1362.5224563086,-0.0004257757
1363.4868701418,-0.0003784770
1364.4512839749,-0.0003292299
1365.4156978080,-0.0003695229
1366.3801116411,-0.0005181095
1367.3445254742,-0.0007179447
1368.3089393074,-0.0008401109
1369.2733531405,-0.0007745296
1370.2377669736,-0.0004899199
1371.2021808067,-0.0000446602
1372.1665946398,0.0004635638
1373.1310084730,0.0009667277
1374.0954223061,0.0014274459
1375.0598361392,0.0018053533
1376.0242499723,0.0020680816
1376.9886638054,0.0021974093
1377.9530776385,0.0021680631
1378.9174914717,0.0020083112
1379.8819053048,0.0017774019
1380.8463191379,0.0015777764
1381.8107329710,0.0014557252
1382.7751468041,0.0014237942
1383.7395606373,0.0014199354
1384.7039744704,0.0013784678
1385.6683883035,0.0012613529
1386.6328021366,0.0011188627
1387.5972159697,0.0010379639
1388.5616298029,0.0010926839
1389.5260436360,0.0012500485
1390.4904574691,0.0013933219
1391.4548713022,0.0013955975
1392.4192851353,0.0012236020
1393.3836989684,0.0009481442
1394.3481128016,0.0006980022
1395.3125266347,0.0005311662
1396.2769404678,0.0004138295
1397.2413543009,0.0003057051
1398.2057681340,0.0002073505
1399.1701819672,0.0001601167
1400.1345958003,0.0001712856
1401.0990096334,0.0002193523
1402.0634234665,0.0002662113
1403.0278372996,0.0002848037
1403.9922511328,0.0003154565
1404.9566649659,0.0004442072
1405.9210787990,0.0007388245
1406.8854926321,0.0011622049
1407.8499064652,0.0016342654
1408.8143202983,0.0020652211
1409.7787341315,0.0024152177
1410.7431479646,0.0026708171
1411.7075617977,0.0028357026
1412.6719756308,0.0029618605
1413.6363894639,0.0030811247
1414.6008032971,0.0031274611
1415.5652171302,0.0030687449
1416.5296309633,0.0028161134
1417.4940447964,0.0024498403
1418.4584586295,0.0020457783
1419.4228724626,0.0017700192
1420.3872862958,0.0016653565
1421.3517001289,0.0016461214
1422.3161139620,0.0015721420
1423.2805277951,0.0014023788
1424.2449416282,0.0011375363
1425.2093554614,0.0009230304
1426.1737692945,0.0008166592
1427.1381831276,0.0008251426
1428.1025969607,0.0007805218
1429.0670107938,0.0005822240
1430.0314246270,0.0002359209
1430.9958384601,-0.0002355284
1431.9602522932,-0.0007567202
1432.9246661263,-0.0014076845
1433.8890799594,-0.0021717567
1434.8534937925,-0.0029648312
1435.8179076257,-0.0035379019
1436.7823214588,-0.0038048390
1437.7467352919,-0.0037451531
1438.7111491250,-0.0035506343
1439.6755629581,-0.0034003300
1440.6399767913,-0.0034512312
1441.6043906244,-0.0036214138
1442.5688044575,-0.0037456956
1443.5332182906,-0.0037056832
1444.4976321237,-0.0036165395
1445.4620459569,-0.0035443862
1446.4264597900,-0.0035468608
1447.3908736231,-0.0036037266
1448.3552874562,-0.0036462352
1449.3197012893,-0.0036561158
1450.2841151224,-0.0035472608
1451.2485289556,-0.0033445084
1452.2129427887,-0.0032365555
1453.1773566218,-0.0032952535
1454.1417704549,-0.0036928363
1455.1061842880,-0.0043166177
1456.0705981212,-0.0050320853
1457.0350119543,-0.0055160727
1457.9994257874,-0.0055111158
1458.9638396205,-0.0051191747
1459.9282534536,-0.0046566934
1460.8926672868,-0.0043509486
1461.8570811199,-0.0045099859
1462.8214949530,-0.0050260313
1463.7859087861,-0.0058092466
1464.7503226192,-0.0065246685
1465.7147364523,-0.0070180944
1466.6791502855,-0.0071943919
1467.6435641186,-0.0070692515
1468.6079779517,-0.0067959530
1469.5723917848,-0.0064979154
1470.5368056179,-0.0062116170
1471.5012194511,-0.0058327471
1472.4656332842,-0.0052934396
1473.4300471173,-0.0045572049
1474.3944609504,-0.0037201890
1475.3588747835,-0.0029000305
1476.3232886167,-0.0021724610
1477.2877024498,-0.0015214562
1478.2521162829,-0.0009669939
1479.2165301160,-0.0004795517
1480.1809439491,-0.0001266949
1481.1453577822,0.0001258987
1482.1097716154,0.0002646172
1483.0741854485,0.0004580406
1484.0385992816,0.0007842960
1485.0030131147,0.0012153542
1485.9674269478,0.0016786135
1486.9318407810,0.0020359247
1487.8962546141,0.0021804445
1488.8606684472,0.0021580979
1489.8250822803,0.0021000779
1490.7894961134,0.0021713951
1491.7539099465,0.0023592429
1492.7183237797,0.0025311278
1493.6827376128,0.0026158041
1494.6471514459,0.0025386568
1495.6115652790,0.0023702169
1496.5759791121,0.0021615142
1497.5403929453,0.0019801697
1498.5048067784,0.0018470014
1499.4692206115,0.0018210508
1500.4336344446,0.0019343977
1501.3980482777,0.0024229055
1502.3624621109,0.0031027074
1503.3268759440,0.0036969096
1504.2912897771,0.0039133583
1505.2557036102,0.0037799561
1506.2201174433,0.0035671815
1507.1845312764,0.0033810977
1508.1489451096,0.0032509367
1509.1133589427,0.0031228331
1510.0777727758,0.0026781419
1511.0421866089,0.0018917135
1512.0066004420,0.0009609342
1512.9710142752,0.0001440026
1513.9354281083,-0.0003396745
1514.8998419414,-0.0004366478
1515.8642557745,-0.0000474005
1516.8286696076,0.0006507624
1517.7930834408,0.0014580201
1518.7574972739,0.0020941093
1519.7219111070,0.0024752400
1520.6863249401,0.0025455242
1521.6507387732,0.0024634635
1522.6151526063,0.0024094097
1523.5795664395,0.0023581577
1524.5439802726,0.0022253767
1525.5083941057,0.0019496543
1526.4728079388,0.0015760553
1527.4372217719,0.0013205009
1528.4016356051,0.0012740521
1529.3660494382,0.0013784041
1530.3304632713,0.0013802992
1531.2948771044,0.0011351471
1532.2592909375,0.0008054567
1533.2237047707,0.0005903544
1534.1881186038,0.0007797787
1535.1525324369,0.0012451587
1536.1169462700,0.0016542521
1537.0813601031,0.0017771202
1538.0457739362,0.0015928614
1539.0101877694,0.0012344340
1539.9746016025,0.0010363741
1540.9390154356,0.0011529297
1541.9034292687,0.0014142260
1542.8678431018,0.0014893400
1543.8322569350,0.0012684589
1544.7966707681,0.0009047727
1545.7610846012,0.0005810322
1546.7254984343,0.0003732422
1547.6899122674,0.0003919862
1548.6543261006,0.0005381376
1549.6187399337,0.0005351313
1550.5831537668,0.0003504092
1551.5475675999,-0.0000186616
1552.5119814330,-0.0002811714
1553.4763952661,-0.0001516256
1554.4408090993,0.0003204439
1555.4052229324,0.0009925526
1556.3696367655,0.0013680285
1557.3340505986,0.0012742027
1558.2984644317,0.0006610248
1559.2628782649,-0.0000785163
1560.2272920980,-0.0004834151
1561.1917059311,-0.0006172963
1562.1561197642,-0.0006925786
1563.1205335973,-0.0008147407
1564.0849474304,-0.0010480102
1565.0493612636,-0.0011560009
1566.0137750967,-0.0011204889
1566.9781889298,-0.0008915429
1567.9426027629,-0.0006478366
1568.9070165960,-0.0005463031
1569.8714304292,-0.0003824184
1570.8358442623,-0.0000820820
1571.8002580954,0.0003829587
1572.7646719285,0.0006697802
1573.7290857616,0.0006122800
1574.6934995948,0.0001523553
1575.6579134279,-0.0003960190
1576.6223272610,-0.0007588033
1577.5867410941,-0.0008991406
1578.5511549272,-0.0009874745
1579.5155687603,-0.0011478119
1580.4799825935,-0.0015273965
1581.4443964266,-0.0019697698
1582.4088102597,-0.0023085154
1583.3732240928,-0.0023388425
1584.3376379259,-0.0020830636
1585.3020517591,-0.0016912660
1586.2664655922,-0.0012044645
1587.2308794253,-0.0006491918
1588.1952932584,-0.0000444907
1589.1597070915,0.0005671016
1590.1241209247,0.0011387522
1591.0885347578,0.0016464748
1592.0529485909,0.0020818426
1593.0173624240,0.0024464852
1593.9817762571,0.0027493541
1594.9461900902,0.0030001579
1595.9106039234,0.0031909300
1596.8750177565,0.0032913894
1597.8394315896,0.0032538320
1598.8038454227,0.0030513708
1599.7682592558,0.0026984056
1600.7326730890,0.0022685395
1601.6970869221,0.0018688581
1602.6615007552,0.0015875953
1603.6259145883,0.0014400897
1604.5903284214,0.0013898204
1605.5547422546,0.0013654188
1606.5191560877,0.0013118085
1607.4835699208,0.0011969154
1608.4479837539,0.0010381558
1609.4123975870,0.0009450144
1610.3768114201,0.0010889381
1611.3412252533,0.0015086482
1612.3056390864,0.0022021467
1613.2700529195,0.0028431066
1614.2344667526,0.0031635845
1615.1988805857,0.0029902714
1616.1632944189,0.0024794932
1617.1277082520,0.0019331179
1618.0921220851,0.0015531973
1619.0565359182,0.0013317107
1620.0209497513,0.0012134211
1620.9853635845,0.0009393187
1621.9497774176,0.0005274270
1622.9141912507,0.0000385890
1623.8786050838,-0.0003508853
1624.8430189169,-0.0006441657
1625.8074327500,-0.0009721746
1626.7718465832,-0.0014028297
1627.7362604163,-0.0018843107
1628.7006742494,-0.0022791962
1629.6650880825,-0.0024622527
1630.6295019156,-0.0023487345
1631.5939157488,-0.0021464359
1632.5583295819,-0.0021270670
1633.5227434150,-0.0024468841
1634.4871572481,-0.0030112374
1635.4515710812,-0.0035590564
1636.4159849143,-0.0039765039
1637.3803987475,-0.0041973577
1638.3448125806,-0.0042179148
1639.3092264137,-0.0041827825
1640.2736402468,-0.0040962012
1641.2380540799,-0.0039674807
1642.2024679131,-0.0037084343
1643.1668817462,-0.0034877148
1644.1312955793,-0.0036109586
1645.0957094124,-0.0040769042
1646.0601232455,-0.0046357289
1647.0245370787,-0.0047973287
1647.9889509118,-0.0044011022
1648.9533647449,-0.0038184312
1649.9177785780,-0.0033565045
1650.8821924111,-0.0034391205
1651.8466062442,-0.0037902789
1652.8110200774,-0.0041610771
1653.7754339105,-0.0040627280
1654.7398477436,-0.0033440837
1655.7042615767,-0.0023442782
1656.6686754098,-0.0014656142
1657.6330892430,-0.0007908752
1658.5975030761,-0.0004069813
1659.5619169092,-0.0001252181
1660.5263307423,-0.0000757370
1661.4907445754,-0.0000937092
1662.4551584086,-0.0001439456
1663.4195722417,-0.0001104484
1664.3839860748,0.0001331911
1665.3483999079,0.0004924996
1666.3128137410,0.0007696976
1667.2772275741,0.0008077625
1668.2416414073,0.0006910882
1669.2060552404,0.0006058488
1670.1704690735,0.0006895877
1671.1348829066,0.0009085022
1672.0992967397,0.0010455358
1673.0637105729,0.0009763459
1674.0281244060,0.0007281040
1674.9925382391,0.0004304463
1675.9569520722,0.0002383006
1676.9213659053,0.0002207538
1677.8857797385,0.0004708353
1678.8501935716,0.0009581735
1679.8146074047,0.0016973979
1680.7790212378,0.0024166345
1681.7434350709,0.0028533030
1682.7078489040,0.0028874909
1683.6722627372,0.0026912289
1684.6366765703,0.0023785466
1685.6010904034,0.0022024352
1686.5655042365,0.0021428200
1687.5299180696,0.0020994777
1688.4943319028,0.0018485205
1689.4587457359,0.0015230750
1690.4231595690,0.0014433671
1691.3875734021,0.0016681048
1692.3519872352,0.0017846584
1693.3164010684,0.0017158459
1694.2808149015,0.0014926919
1695.2452287346,0.0013511789
1696.2096425677,0.0014711246
1697.1740564008,0.0017200822
1698.1384702339,0.0018610214
1699.1028840671,0.0016783661
1700.0672979002,0.0012954510
1701.0317117333,0.0009173286
1701.9961255664,0.0007022924
1702.9605393995,0.0006252456
1703.9249532327,0.0004981998
1704.8893670658,0.0002057215
1705.8537808989,-0.0001335128
1706.8181947320,-0.0002481986
1707.7826085651,-0.0000491912
1708.7470223982,0.0001752277
1709.7114362314,0.0002578603
1710.6758500645,0.0001140792
1711.6402638976,-0.0000271758
1712.6046777307,-0.0000133654
1713.5690915638,0.0001294140
1714.5335053970,0.0002921241
1715.4979192301,0.0003563054
1716.4623330632,0.0003671926
1717.4267468963,0.0003038396
1718.3911607294,0.0002575343
1719.3555745626,0.0003111883
1720.3199883957,0.0003246515
1721.2844022288,0.0002262265
1722.2488160619,0.0000442635
1723.2132298950,-0.0001527348
1724.1776437281,-0.0002396146
1725.1420575613,-0.0002994565
1726.1064713944,-0.0003148207
1727.0708852275,-0.0003342391
1728.0352990606,-0.0001948702
1728.9997128937,0.0001553054
1729.9641267269,0.0005286547
1730.9285405600,0.0007043323
1731.8929543931,0.0004976171
1732.8573682262,0.0001026404
1733.8217820593,-0.0002821721
1734.7861958925,-0.0003681989
1735.7506097256,-0.0000967055
1736.7150235587,0.0002577341
1737.6794373918,0.0004216389
1738.6438512249,0.0003289878
1739.6082650580,0.0000779336
1740.5726788912,-0.0000696744
1741.5370927243,-0.0001118440
1742.5015065574,-0.0000536714
1743.4659203905,-0.0000564122
1744.4303342236,-0.0001013405
1745.3947480568,-0.0001064455
1746.3591618899,-0.0000445001
1747.3235757230,0.0000705460
1748.2879895561,0.0001243495
1749.2524033892,0.0000324696
1750.2168172224,-0.0001117449
1751.1812310555,-0.0001713611
1752.1456448886,-0.0001059996
1753.1100587217,-0.0000015676
1754.0744725548,0.0000347587
1755.0388863879,0.0000006490
1756.0033002211,-0.0000517165
1756.9677140542,-0.0000510877
1757.9321278873,0.0000743042
1758.8965417204,0.0002216036
1759.8609555535,0.0002441120
1760.8253693867,0.0000978871
1761.7897832198,-0.0000976372
1762.7541970529,-0.0001911990
1763.7186108860,-0.0001590930
1764.6830247191,-0.0001272593
1765.6474385523,-0.0001393595
1766.6118523854,-0.0001857739
1767.5762662185,-0.0001840422
1768.5406800516,-0.0000773986
1769.5050938847,0.0000730242
1770.4695077178,0.0001970799
1771.4339215510,0.0001881859
1772.3983353841,0.0001080243
1773.3627492172,0.0000898068
1774.3271630503,0.0001373837
1775.2915768834,0.0002077996
1776.2559907166,0.0002251424
1777.2204045497,0.0000995291
1778.1848183828,-0.0000855936
1779.1492322159,-0.0002355786
1780.1136460490,-0.0002321662
1781.0780598821,-0.0001360445
1782.0424737153,-0.0000755763
1783.0068875484,-0.0000986063
1783.9713013815,-0.0001884978
1784.9357152146,-0.0002787897
1785.9001290477,-0.0002597438
1786.8645428809,-0.0001070367
1787.8289567140,0.0001487643
1788.7933705471,0.0003348292
1789.7577843802,0.0003430472
1790.7221982133,0.0001806163
1791.6866120465,-0.0000007460
1792.6510258796,-0.0001116135
1793.6154397127,-0.0000759505
1794.5798535458,0.0000517257
1795.5442673789,0.0002246425
1796.5086812120,0.0003092050
1797.4730950452,0.0002696973
1798.4375088783,0.0001267320
1799.4019227114,-0.0000399070
1800.3663365445,-0.0001887639
1801.3307503776,-0.0002764259
1802.2951642108,-0.0003021718
1803.2595780439,-0.0002757373
1804.2239918770,-0.0002302781
1805.1884057101,-0.0001915889
1806.1528195432,-0.0001544154
1807.1172333764,-0.0001116897
1808.0816472095,-0.0000497022
1809.0460610426,0.0000009887
1810.0104748757,0.0000490276
1810.9748887088,0.0000990578
1811.9393025419,0.0001540619
1812.9037163751,0.0001933849
1813.8681302082,0.0001840681
1814.8325440413,0.0000936499
1815.7969578744,-0.0000572909
1816.7613717075,-0.0002138028
1817.7257855407,-0.0002898469
1818.6901993738,-0.0002476595
1819.6546132069,-0.0001128399
1820.6190270400,0.0000169777
1821.5834408731,0.0000435276
1822.5478547063,-0.0000271011
1823.5122685394,-0.0001016971
1824.4766823725,-0.0000763312
1825.4410962056,0.0000798503
1826.4055100387,0.0002676122
1827.3699238718,0.0003704730
1828.3343377050,0.0002971886
1829.2987515381,0.0000988578
1830.2631653712,-0.0001144301
1831.2275792043,-0.0002212545
1832.1919930374,-0.0001847415
1833.1564068706,-0.0000627124
1834.1208207037,0.0000313505
1835.0852345368,0.0000341907
1836.0496483699,-0.0000532100
1837.0140622030,-0.0001456844
1837.9784760362,-0.0001951590
1838.9428898693,-0.0001214778
1839.9073037024,0.0000079070
1840.8717175355,0.0000905969
1841.8361313686,0.0000714654
1842.8005452017,-0.0000131832
1843.7649590349,-0.0001216298
1844.7293728680,-0.0001534653
1845.6937867011,-0.0000820164
1846.6582005342,0.0000622416
1847.6226143673,0.0001717823
1848.5870282005,0.0001966947
1849.5514420336,0.0001542687
1850.5158558667,0.0000948127
1851.4802696998,0.0000250875
1852.4446835329,-0.0000214693
1853.4090973661,-0.0000661080
1854.3735111992,-0.0001177890
1855.3379250323,-0.0001506975
1856.3023388654,-0.0001592947
1857.2667526985,-0.0001449049
1858.2311665316,-0.0001059481
1859.1955803648,-0.0000462453
1860.1599941979,0.0000153121
1861.1244080310,0.0000477691
1862.0888218641,0.0000316177
1863.0532356972,0.0000038478
1864.0176495304,-0.0000145942
1864.9820633635,-0.0000239150
1865.9464771966,-0.0000278441
1866.9108910297,-0.0000397733
1867.8753048628,-0.0000830676
1868.8397186959,-0.0001311129
1869.8041325291,-0.0001499144
1870.7685463622,-0.0001203238
1871.7329601953,-0.0000602133
1872.6973740284,0.0000024374
1873.6617878615,0.0000509562
1874.6262016947,0.0000662944
1875.5906155278,0.0000462848
1876.5550293609,0.0000324138
1877.5194431940,0.0000412523
1878.4838570271,0.0000676471
1879.4482708603,0.0001086060
1880.4126846934,0.0001308338
1881.3770985265,0.0001022377
1882.3415123596,0.0000170570
1883.3059261927,-0.0000904766
1884.2703400258,-0.0001580737
1885.2347538590,-0.0001592986
1886.1991676921,-0.0001173161
1887.1635815252,-0.0000742219
1888.1279953583,-0.0000601666
1889.0924091914,-0.0000612620
1890.0568230246,-0.0000541137
1891.0212368577,-0.0000142545
1891.9856506908,0.0000552377
1892.9500645239,0.0001082097
1893.9144783570,0.0001066225
1894.8788921902,0.0000417895
1895.8433060233,-0.0000553508
1896.8077198564,-0.0001365948
1897.7721336895,-0.0001750646
1898.7365475226,-0.0001620606
1899.7009613557,-0.0001190537
1900.6653751889,-0.0000714495
1901.6297890220,-0.0000339710
1902.5942028551,-0.0000096515
1903.5586166882,0.0000144161
1904.5230305213,0.0000370452
1905.4874443545,0.0000396680
1906.4518581876,0.0000065676
1907.4162720207,-0.0000560703
1908.3806858538,-0.0001188125
1909.3450996869,-0.0001436282
1910.3095135201,-0.0001071733
1911.2739273532,-0.0000095982
1912.2383411863,0.0001176891
1913.2027550194,0.0002109275
1914.1671688525,0.0002372337
1915.1315826856,0.0001725808
1916.0959965188,0.0000564417
1917.0604103519,-0.0000517645
1918.0248241850,-0.0000909416
1918.9892380181,-0.0000461777
1919.9536518512,0.0000444177
1920.9180656844,0.0001172164
1921.8824795175,0.0001301855
1922.8468933506,0.0000641143
1923.8113071837,-0.0000397816
1924.7757210168,-0.0001427807
1925.7401348500,-0.0002027329
1926.7045486831,-0.0002138576
1927.6689625162,-0.0001858051
1928.6333763493,-0.0001317185
1929.5977901824,-0.0000751542
1930.5622040155,-0.0000327213
1931.5266178487,-0.0000166875
1932.4910316818,-0.0000115231
1933.4554455149,0.0000107841
1934.4198593480,0.0000615425
1935.3842731811,0.0001254860
1936.3486870143,0.0001670336
1937.3131008474,0.0001492176
1938.2775146805,0.0000728967
1939.2419285136,-0.0000433808
1940.2063423467,-0.0001556334
1941.1707561798,-0.0002367521
1942.1351700130,-0.0002745165
1943.0995838461,-0.0002709083
1944.0639976792,-0.0002288938
1945.0284115123,-0.0001351511
1945.9928253454,0.0000231922
1946.9572391786,0.0002124943
1947.9216530117,0.0003740640
1948.8860668448,0.0004358678
1949.8504806779,0.0003612161
1950.8148945110,0.0001681503
1951.7793083442,-0.0000724153
1952.7437221773,-0.0002673326
1953.7081360104,-0.0003562666
1954.6725498435,-0.0003287676
1955.6369636766,-0.0002158898
1956.6013775097,-0.0000660593
1957.5657913429,0.0000713486
1958.5302051760,0.0001591522
1959.4946190091,0.0001794481
1960.4590328422,0.0001361884
1961.4234466753,0.0000551466
1962.3878605085,-0.0000231038
1963.3522743416,-0.0000768289
1964.3166881747,-0.0000967718
1965.2811020078,-0.0000853596
1966.2455158409,-0.0000451395
1967.2099296741,0.0000183531
1968.1743435072,0.0000882452
1969.1387573403,0.0001420338
1970.1031711734,0.0001551798
1971.0675850065,0.0001059027
1972.0319988396,0.0000016173
1972.9964126728,-0.0001255930
1973.9608265059,-0.0002279171
1974.9252403390,-0.0002639020
1975.8896541721,-0.0002164445
1976.8540680052,-0.0001007482
1977.8184818384,0.0000363613
1978.7828956715,0.0001344236
1979.7473095046,0.0001440140
1980.7117233377,0.0000567780
1981.6761371708,-0.0000840240
1982.6405510040,-0.0002077684
1983.6049648371,-0.0002509945
1984.5693786702,-0.0001874250
1985.5337925033,-0.0000423202
1986.4982063364,0.0001225423
1987.4626201695,0.0002357811
1988.4270340027,0.0002535387
1989.3914478358,0.0001832119
1990.3558616689,0.0000740220
1991.3202755020,-0.0000144369
1992.2846893351,-0.0000599507
1993.2491031683,-0.0000723602
1994.2135170014,-0.0000760858
1995.1779308345,-0.0000849067
1996.1423446676,-0.0000878685
1997.1067585007,-0.0000878685
1998.0711723339,-0.0000878685
1999.0355861670,-0.0000878685
2000.0000000001,-0.0000878685
