999.9028550560,0.0802630708
1000.8670815315,0.0808584020
1001.8313080070,0.0814274400
1002.7955344824,0.0819702446
1003.7597609579,0.0824865550
1004.7239874333,0.0829761624
1005.6882139088,0.0834390223
1006.6524403843,0.0838753581
1007.6166668597,0.0842857212
1008.5808933352,0.0846708268
1009.5451198107,0.0850317031
1010.5093462861,0.0853697658
1011.4735727616,0.0856868848
1012.4377992371,0.0859851465
1013.4020257125,0.0862668529
1014.3662521880,0.0865344256
1015.3304786635,0.0867903382
1016.2947051389,0.0870368555
1017.2589316144,0.0872754604
1018.2231580898,0.0875065774
1019.1873845653,0.0877295285
1020.1516110408,0.0879430845
1021.1158375162,0.0881458744
1022.0800639917,0.0883364975
1023.0442904672,0.0885133818
1024.0085169426,0.0886746198
1024.9727434181,0.0888179243
1025.9369698936,0.0889411271
1026.9011963690,0.0890424401
1027.8654228445,0.0891206861
1028.8296493199,0.0891751423
1029.7938757954,0.0892052650
1030.7581022709,0.0892103314
1031.7223287463,0.0891891792
1032.6865552218,0.0891400501
1033.6507816973,0.0890608430
1034.6150081727,0.0889495760
1035.5792346482,0.0888052285
1036.5434611237,0.0886282027
1037.5076875991,0.0884203240
1038.4719140746,0.0881842524
1039.4361405500,0.0879227296
1040.4003670255,0.0876380354
1041.3645935010,0.0873320401
1042.3288199764,0.0870066136
1043.2930464519,0.0866640508
1044.2572729274,0.0863073021
1045.2214994028,0.0859398544
1046.1857258783,0.0855653211
1047.1499523538,0.0851870477
1048.1141788292,0.0848077983
1049.0784053047,0.0844296440
1050.0426317802,0.0840538666
1051.0068582556,0.0836808011
1051.9710847311,0.0833097696
1052.9353112065,0.0829391256
1053.8995376820,0.0825667977
1054.8637641575,0.0821909755
1055.8279906329,0.0818106607
1056.7922171084,0.0814255625
1057.7564435839,0.0810355246
1058.7206700593,0.0806398839
1059.6848965348,0.0802372247
1060.6491230103,0.0798255652
1061.6133494857,0.0794030279
1062.5775759612,0.0789682195
1063.5418024366,0.0785203949
1064.5060289121,0.0780593008
1065.4702553876,0.0775850266
1066.4344818630,0.0770980492
1067.3987083385,0.0765993893
1068.3629348140,0.0760908276
1069.3271612894,0.0755747706
1070.2913877649,0.0750540122
1071.2556142404,0.0745313913
1072.2198407158,0.0740096271
1073.1840671913,0.0734913871
1074.1482936667,0.0729792267
1075.1125201422,0.0724752694
1076.0767466177,0.0719806552
1077.0409730931,0.0714951083
1078.0051995686,0.0710172057
1078.9694260441,0.0705450401
1079.9336525195,0.0700771585
1080.8978789950,0.0696128532
1081.8621054705,0.0691522211
1082.8263319459,0.0686955526
1083.7905584214,0.0682432204
1084.7547848969,0.0677960142
1085.7190113723,0.0673553124
1086.6832378478,0.0669229105
1087.6474643232,0.0665001124
1088.6116907987,0.0660867617
1089.5759172742,0.0656809732
1090.5401437496,0.0652796477
1091.5043702251,0.0648797676
1092.4685967006,0.0644794554
1093.4328231760,0.0640785545
1094.3970496515,0.0636784658
1095.3612761270,0.0632814020
1096.3255026024,0.0628896505
1097.2897290779,0.0625050068
1098.2539555533,0.0621285103
1099.2181820288,0.0617605969
1100.1824085043,0.0614014752
1101.1466349797,0.0610512570
1102.1108614552,0.0607099459
1103.0750879307,0.0603772439
1104.0393144061,0.0600526854
1105.0035408816,0.0597360209
1105.9677673571,0.0594275966
1106.9319938325,0.0591285564
1107.8962203080,0.0588406920
1108.8604467834,0.0585662201
1109.8246732589,0.0583074987
1110.7888997344,0.0580666736
1111.7531262098,0.0578452349
1112.7173526853,0.0576437004
1113.6815791608,0.0574615300
1114.6458056362,0.0572974309
1115.6100321117,0.0571497716
1116.5742585872,0.0570168495
1117.5384850626,0.0568969548
1118.5027115381,0.0567883179
1119.4669380136,0.0566890836
1120.4311644890,0.0565975644
1121.3953909645,0.0565124676
1122.3596174399,0.0564333163
1123.3238439154,0.0563606322
1124.2880703909,0.0562960319
1125.2522968663,0.0562421754
1126.2165233418,0.0562025830
1127.1807498173,0.0561813787
1128.1449762927,0.0561827905
1129.1092027682,0.0562103502
1130.0734292437,0.0562663898
1131.0376557191,0.0563521385
1132.0018821946,0.0564686246
1132.9661086700,0.0566176362
1133.9303351455,0.0568019599
1134.8945616210,0.0570244268
1135.8587880964,0.0572865084
1136.8230145719,0.0575873218
1137.7872410474,0.0579237938
1138.7514675228,0.0582915768
1139.7156939983,0.0586861521
1140.6799204738,0.0591034964
1141.6441469492,0.0595405214
1142.6083734247,0.0599958003
1143.5725999001,0.0604708865
1144.5368263756,0.0609719157
1145.5010528511,0.0615105480
1146.4652793265,0.0621029735
1147.4295058020,0.0627666861
1148.3937322775,0.0635159612
1149.3579587529,0.0643577799
1150.3221852284,0.0652900636
1151.2864117039,0.0663028955
1152.2506381793,0.0673813969
1153.2148646548,0.0685089156
1154.1790911303,0.0696689785
1155.1433176057,0.0708461553
1156.1075440812,0.0720261782
1157.0717705566,0.0731961653
1158.0359970321,0.0743451864
1159.0002235076,0.0754648596
1159.9644499830,0.0765498281
1160.9286764585,0.0775975436
1161.8929029340,0.0786076710
1162.8571294094,0.0795810670
1163.8213558849,0.0805188343
1164.7855823604,0.0814219117
1165.7498088358,0.0822911263
1166.7140353113,0.0831277519
1167.6782617867,0.0839341804
1168.6424882622,0.0847142488
1169.6067147377,0.0854726061
1170.5709412131,0.0862132460
1171.5351676886,0.0869372785
1172.4993941641,0.0876410007
1173.4636206395,0.0883149356
1174.4278471150,0.0889445394
1175.3920735905,0.0895130038
1176.3563000659,0.0900056064
1177.3205265414,0.0904147178
1178.2847530168,0.0907431915
1179.2489794923,0.0910041407
1180.2132059678,0.0912166536
1181.1774324432,0.0913994163
1182.1416589187,0.0915659666
1183.1058853942,0.0917236432
1184.0701118696,0.0918763876
1185.0343383451,0.0920284241
1185.9985648206,0.0921860039
1186.9627912960,0.0923566818
1187.9270177715,0.0925471485
1188.8912442469,0.0927619040
1189.8554707224,0.0930032432
1190.8196971979,0.0932720006
1191.7839236733,0.0935683623
1192.7481501488,0.0938921869
1193.7123766243,0.0942433774
1194.6766030997,0.0946224034
1195.6408295752,0.0950309932
1196.6050560507,0.0954726785
1197.5692825261,0.0959532559
1198.5335090016,0.0964809805
1199.4977354771,0.0970662981
1200.4619619525,0.0977207124
1201.4261884280,0.0984548256
1202.3904149034,0.0992760137
1203.3546413789,0.1001865268
1204.3188678544,0.1011825204
1205.2830943298,0.1022542864
1206.2473208053,0.1033876464
1207.2115472808,0.1045658812
1208.1757737562,0.1057720333
1209.1400002317,0.1069905609
1210.1042267072,0.1082082912
1211.0684531826,0.1094143242
1212.0326796581,0.1105998009
1212.9969061335,0.1117579490
1213.9611326090,0.1128843129
1214.9253590845,0.1139769480
1215.8895855599,0.1150360554
1216.8538120354,0.1160633117
1217.8180385109,0.1170609742
1218.7822649863,0.1180312335
1219.7464914618,0.1189759076
1220.7107179373,0.1198964268
1221.6749444127,0.1207940727
1222.6391708882,0.1216702610
1223.6033973636,0.1225267053
1224.5676238391,0.1233654469
1225.5318503146,0.1241888404
1226.4960767900,0.1249993443
1227.4603032655,0.1257993877
1228.4245297410,0.1265911162
1229.3887562164,0.1273762584
1230.3529826919,0.1281559467
1231.3172091674,0.1289307177
1232.2814356428,0.1297003776
1233.2456621183,0.1304641366
1234.2098885938,0.1312206388
1235.1741150692,0.1319682598
1236.1383415447,0.1327054203
1237.1025680201,0.1334304214
1238.0667944956,0.1341414601
1239.0310209711,0.1348363459
1239.9952474465,0.1355126798
1240.9594739220,0.1361680627
1241.9237003975,0.1368002594
1242.8879268729,0.1374071389
1243.8521533484,0.1379865855
1244.8163798239,0.1385365427
1245.7806062993,0.1390551776
1246.7448327748,0.1395408511
1247.7090592502,0.1399916410
1248.6732857257,0.1404047608
1249.6375122012,0.1407764256
1250.6017386766,0.1411024034
1251.5659651521,0.1413786113
1252.5301916276,0.1416020244
1253.4944181030,0.1417707205
1254.4586445785,0.1418839246
1255.4228710540,0.1419422925
1256.3870975294,0.1419489831
1257.3513240049,0.1419115961
1258.3155504803,0.1418434232
1259.2797769558,0.1417633444
1260.2440034313,0.1416938901
1261.2082299067,0.1416584104
1262.1724563822,0.1416781396
1263.1366828577,0.1417698562
1264.1009093331,0.1419431567
1265.0651358086,0.1421974003
1266.0293622841,0.1425188333
1266.9935887595,0.1428806782
1267.9578152350,0.1432467997
1268.9220417105,0.1435791850
1269.8862681859,0.1438459307
1270.8504946614,0.1440271437
1271.8147211368,0.1441164017
1272.7789476123,0.1441184282
1273.7431740878,0.1440448761
1274.7074005632,0.1439101100
1275.6716270387,0.1437278390
1276.6358535142,0.1435092390
1277.6000799896,0.1432618648
1278.5643064651,0.1429901868
1279.5285329406,0.1426971853
1280.4927594160,0.1423862576
1281.4569858915,0.1420622766
1282.4212123669,0.1417309046
1283.3854388424,0.1413970888
1284.3496653179,0.1410646141
1285.3138917933,0.1407368481
1286.2781182688,0.1404181123
1287.2423447443,0.1401140392
1288.2065712197,0.1398303211
1289.1707976952,0.1395709515
1290.1350241707,0.1393379271
1291.0992506461,0.1391316950
1292.0634771216,0.1389526576
1293.0277035970,0.1388016343
1293.9919300725,0.1386796832
1294.9561565480,0.1385876685
1295.9203830234,0.1385259330
1296.8846094989,0.1384944469
1297.8488359744,0.1384928674
1298.8130624498,0.1385207176
1299.7772889253,0.1385775805
1300.7415154008,0.1386638582
1301.7057418762,0.1387818754
1302.6699683517,0.1389371753
1303.6341948272,0.1391379833
1304.5984213026,0.1393921077
1305.5626477781,0.1397023499
1306.5268742535,0.1400631666
1307.4911007290,0.1404617131
1308.4553272045,0.1408834159
1309.4195536799,0.1413182020
1310.3837801554,0.1417636573
1311.3480066309,0.1422228515
1312.3122331063,0.1427000165
1313.2764595818,0.1431971490
1314.2406860573,0.1437137574
1315.2049125327,0.1442487985
1316.1691390082,0.1448021829
1317.1333654836,0.1453746110
1318.0975919591,0.1459662914
1319.0618184346,0.1465759575
1320.0260449100,0.1472007334
1320.9902713855,0.1478368342
1321.9544978610,0.1484797895
1322.9187243364,0.1491248310
1323.8829508119,0.1497675478
1324.8471772874,0.1504050791
1325.8114037628,0.1510365158
1326.7756302383,0.1516616791
1327.7398567137,0.1522789001
1328.7040831892,0.1528838277
1329.6683096647,0.1534706652
1330.6325361401,0.1540348232
1331.5967626156,0.1545741260
1332.5609890911,0.1550870240
1333.5252155665,0.1555698514
1334.4894420420,0.1560162306
1335.4536685175,0.1564197838
1336.4178949929,0.1567776203
1337.3821214684,0.1570917070
1338.3463479439,0.1573665589
1339.3105744193,0.1576063931
1340.2748008948,0.1578129530
1341.2390273702,0.1579853296
1342.2032538457,0.1581200659
1343.1674803212,0.1582123190
1344.1317067966,0.1582574546
1345.0959332721,0.1582534313
1346.0601597476,0.1582016945
1347.0243862230,0.1581062675
1347.9886126985,0.1579708457
1348.9528391740,0.1577972770
1349.9170656494,0.1575856507
1350.8812921249,0.1573358178
1351.8455186003,0.1570490003
1352.8097450758,0.1567282677
1353.7739715513,0.1563782990
1354.7381980267,0.1560041606
1355.7024245022,0.1556095183
1356.6666509777,0.1551948488
1357.6308774531,0.1547568440
1358.5951039286,0.1542908847
1359.5593304041,0.1537955850
1360.5235568795,0.1532779336
1361.4877833550,0.1527553052
1362.4520098304,0.1522525102
1363.4162363059,0.1517945826
1364.3804627814,0.1513984501
1365.3446892568,0.1510678083
1366.3089157323,0.1507924348
1367.2731422078,0.1505508423
1368.2373686832,0.1503141522
1369.2015951587,0.1500509977
1370.1658216342,0.1497353613
1371.1300481096,0.1493574381
1372.0942745851,0.1489322484
1373.0585010605,0.1484996080
1374.0227275360,0.1481126845
1374.9869540115,0.1478191316
1375.9511804869,0.1476439834
1376.9154069624,0.1475811601
1377.8796334379,0.1475963145
1378.8438599133,0.1476395428
1379.8080863888,0.1476647556
1380.7723128643,0.1476494223
1381.7365393397,0.1476056576
1382.7007658152,0.1475756168
1383.6649922907,0.1476113200
1384.6292187661,0.1477496028
1385.5934452416,0.1479953825
1386.5576717170,0.1483211964
1387.5218981925,0.1486792713
1388.4861246680,0.1490171254
1389.4503511434,0.1492902339
1390.4145776189,0.1494707465
1391.3788040944,0.1495524943
1392.3430305698,0.1495514810
1393.3072570453,0.1494984627
1394.2714835208,0.1494257301
1395.2357099962,0.1493546367
1396.1999364717,0.1492924690
1397.1641629471,0.1492388248
1398.1283894226,0.1491943300
1399.0926158981,0.1491621137
1400.0568423735,0.1491415054
1401.0210688490,0.1491227746
1401.9852953245,0.1490900069
1402.9495217999,0.1490311623
1403.9137482754,0.1489453167
1404.8779747509,0.1488401294
1405.8422012263,0.1487227380
1406.8064277018,0.1485933959
1407.7706541772,0.1484468877
1408.7348806527,0.1482782811
1409.6991071282,0.1480866969
1410.6633336036,0.1478738487
1411.6275600791,0.1476403028
1412.5917865546,0.1473817378
1413.5560130300,0.1470865607
1414.5202395055,0.1467373222
1415.4844659810,0.1463181674
1416.4486924564,0.1458274126
1417.4129189319,0.1452854127
1418.3771454074,0.1447278261
1419.3413718828,0.1441842318
1420.3055983583,0.1436577588
1421.2698248337,0.1431226134
1422.2340513092,0.1425426155
1423.1982777847,0.1418944001
1424.1625042601,0.1411773264
1425.1267307356,0.1404052675
1426.0909572111,0.1395924389
1427.0551836865,0.1387474239
1428.0194101620,0.1378774941
1428.9836366375,0.1369943619
1429.9478631129,0.1361114979
1430.9120895884,0.1352342814
1431.8763160638,0.1343537867
1432.8405425393,0.1334531903
1433.8047690148,0.1325253844
1434.7689954902,0.1315877140
1435.7332219657,0.1306799352
1436.6974484412,0.1298435032
1437.6616749166,0.1290968955
1438.6259013921,0.1284268200
1439.5901278676,0.1278018802
1440.5543543430,0.1271969974
1441.5185808185,0.1266084313
1442.4828072939,0.1260504723
1443.4470337694,0.1255421937
1444.4112602449,0.1250986457
1445.3754867203,0.1247322261
1446.3397131958,0.1244571507
1447.3039396713,0.1242893636
1448.2681661467,0.1242410466
1449.2323926222,0.1243148446
1450.1966190977,0.1245012879
1451.1608455731,0.1247787923
1452.1250720486,0.1251176000
1453.0892985241,0.1254911721
1454.0535249995,0.1258946210
1455.0177514750,0.1263585687
1455.9819779504,0.1269422472
1456.9462044259,0.1277024448
1457.9104309014,0.1286563277
1458.8746573768,0.1297651827
1459.8388838523,0.1309529394
1460.8031103278,0.1321465373
1461.7673368032,0.1333106458
1462.7315632787,0.1344566941
1463.6957897542,0.1356260777
1464.6600162296,0.1368622482
1465.6242427051,0.1381869316
1466.5884691805,0.1395900995
1467.5526956560,0.1410354674
1468.5169221315,0.1424798369
1469.4811486069,0.1438972503
1470.4453750824,0.1452944577
1471.4096015579,0.1467062831
1472.3738280333,0.1481727660
1473.3380545088,0.1497125328
1474.3022809843,0.1513100863
1475.2665074597,0.1529236883
1476.2307339352,0.1545051187
1477.1949604106,0.1560174227
1478.1591868861,0.1574423015
1479.1234133616,0.1587776244
1480.0876398370,0.1600308269
1481.0518663125,0.1612116098
1482.0160927880,0.1623265743
1482.9803192634,0.1633765399
1483.9445457389,0.1643583626
1484.9087722144,0.1652694345
1485.8729986898,0.1661129296
1486.8372251653,0.1669011414
1487.8014516408,0.1676553041
1488.7656781162,0.1684002876
1489.7299045917,0.1691533923
1490.6941310671,0.1699110121
1491.6583575426,0.1706434637
1492.6225840181,0.1713073254
1493.5868104935,0.1718724668
1494.5510369690,0.1723455489
1495.5152634445,0.1727701724
1496.4794899199,0.1732014567
1497.4437163954,0.1736736894
1498.4079428709,0.1741840839
1499.3721693463,0.1746977270
1500.3363958218,0.1751622856
1501.3006222972,0.1755204201
1502.2648487727,0.1757244617
1503.2290752482,0.1757605076
1504.1933017236,0.1756738126
1505.1575281991,0.1755684912
1506.1217546746,0.1755650640
1507.0859811500,0.1757355928
1508.0502076255,0.1760638952
1509.0144341010,0.1764616668
1509.9786605764,0.1768265665
1510.9428870519,0.1770950854
1511.9071135273,0.1772561371
1512.8713400028,0.1773303300
1513.8355664783,0.1773438752
1514.7997929537,0.1773159206
1515.7640194292,0.1772557050
1516.7282459047,0.1771614552
1517.6924723801,0.1770240068
1518.6566988556,0.1768409014
1519.6209253311,0.1766336262
1520.5851518065,0.1764468849
1521.5493782820,0.1763230860
1522.5136047575,0.1762703806
1523.4778312329,0.1762552559
1524.4420577084,0.1762280464
1525.4062841838,0.1761578918
1526.3705106593,0.1760453582
1527.3347371348,0.1759050786
1528.2989636102,0.1757391989
1529.2631900857,0.1755291820
1530.2274165612,0.1752527505
1531.1916430366,0.1749078184
1532.1558695121,0.1745190024
1533.1200959876,0.1741167158
1534.0843224630,0.1737054288
1535.0485489385,0.1732509434
1536.0127754139,0.1727066636
1536.9770018894,0.1720649898
1537.9412283649,0.1713925302
1538.9054548403,0.1708121598
1539.8696813158,0.1704379916
1540.8339077913,0.1703107357
1541.7981342667,0.1703825146
1542.7623607422,0.1705565453
1543.7265872177,0.1707436144
1544.6908136931,0.1708923727
1545.6550401686,0.1709851325
1546.6192666440,0.1710200459
1547.5834931195,0.1710008830
1548.5477195950,0.1709352434
1549.5119460704,0.1708327234
1550.4761725459,0.1707013398
1551.4403990214,0.1705463231
1552.4046254968,0.1703700125
1553.3688519723,0.1701665819
1554.3330784478,0.1699154973
1555.2973049232,0.1695901304
1556.2615313987,0.1691887528
1557.2257578741,0.1687668264
1558.1899843496,0.1684322953
1559.1542108251,0.1682904065
1560.1184373005,0.1683739722
1561.0826637760,0.1686148793
1562.0468902515,0.1688829362
1563.0111167269,0.1690599620
1563.9753432024,0.1690920889
1564.9395696779,0.1689890176
1565.9037961533,0.1687898636
1566.8680226288,0.1685346365
1567.8322491043,0.1682608128
1568.7964755797,0.1680075824
1569.7607020552,0.1678049862
1570.7249285306,0.1676492095
1571.6891550061,0.1674934626
1572.6533814816,0.1672765017
1573.6176079570,0.1669746637
1574.5818344325,0.1666330546
1575.5460609080,0.1663438827
1576.5102873834,0.1661843956
1577.4745138589,0.1661641598
1578.4387403344,0.1662225574
1579.4029668098,0.1662739515
1580.3671932853,0.1662598252
1581.3314197607,0.1661695689
1582.2956462362,0.1660248935
1583.2598727117,0.1658518910
1584.2240991871,0.1656649262
1585.1883256626,0.1654686332
1586.1525521381,0.1652663499
1587.1167786135,0.1650653481
1588.0810050890,0.1648756266
1589.0452315645,0.1647062153
1590.0094580399,0.1645619273
1590.9736845154,0.1644419879
1591.9379109908,0.1643408537
1592.9021374663,0.1642512828
1593.8663639418,0.1641671956
1594.8305904172,0.1640848517
1595.7948168927,0.1640019715
1596.7590433682,0.1639163792
1597.7232698436,0.1638256013
1598.6874963191,0.1637277156
1599.6517227946,0.1636220813
1600.6159492700,0.1635095179
1601.5801757455,0.1633916497
1602.5444022210,0.1632692963
1603.5086286964,0.1631411910
1604.4728551719,0.1630038917
1605.4370816473,0.1628534794
1606.4013081228,0.1626879275
1607.3655345983,0.1625083983
1608.3297610737,0.1623189896
1609.2939875492,0.1621244848
1610.2582140247,0.1619247198
1611.2224405001,0.1617082059
1612.1866669756,0.1614523828
1613.1508934511,0.1611380279
1614.1151199265,0.1607738733
1615.0793464020,0.1604110450
1616.0435728774,0.1601266265
1617.0077993529,0.1599793285
1617.9720258284,0.1599688232
1618.9362523038,0.1600333452
1619.9004787793,0.1600904763
1620.8647052548,0.1600888073
1621.8289317302,0.1600308418
1622.7931582057,0.1599545479
1623.7573846812,0.1598956138
1624.7216111566,0.1598631889
1625.6858376321,0.1598431766
1626.6500641075,0.1598185003
1627.6142905830,0.1597841531
1628.5785170585,0.1597448736
1629.5427435339,0.1596993655
1630.5069700094,0.1596284062
1631.4711964849,0.1595019400
1632.4354229603,0.1593052149
1633.3996494358,0.1590642333
1634.3638759113,0.1588455737
1635.3281023867,0.1587233841
1636.2923288622,0.1587345004
1637.2565553377,0.1588557661
1638.2207818131,0.1590200216
1639.1850082886,0.1591557562
1640.1492347640,0.1592178047
1641.1134612395,0.1591913998
1642.0776877150,0.1590789557
1643.0419141904,0.1588933617
1644.0061406659,0.1586656868
1644.9703671414,0.1584516913
1645.9345936168,0.1583134234
1646.8988200923,0.1582765281
1647.8630465678,0.1582963765
1648.8272730432,0.1582733542
1649.7914995187,0.1581225991
1650.7557259941,0.1578522921
1651.7199524696,0.1575835049
1652.6841789451,0.1574848741
1653.6484054205,0.1576644331
1654.6126318960,0.1581004262
1655.5768583715,0.1586602032
1656.5410848469,0.1591854692
1657.5053113224,0.1595742702
1658.4695377979,0.1598071754
1659.4337642733,0.1599212289
1660.3979907488,0.1599707901
1661.3622172242,0.1600049138
1662.3264436997,0.1600598544
1663.2906701752,0.1601520479
1664.2548966506,0.1602706611
1665.2191231261,0.1603828669
1666.1833496016,0.1604578346
1667.1475760770,0.1604940593
1668.1118025525,0.1605255008
1669.0760290280,0.1605983675
1670.0402555034,0.1607362628
1671.0044819789,0.1609233469
1671.9687084544,0.1611196250
1672.9329349298,0.1612952054
1673.8971614053,0.1614536792
1674.8613878807,0.1616257429
1675.8256143562,0.1618398428
1676.7898408317,0.1620952785
1677.7540673071,0.1623571515
1678.7182937826,0.1625714898
1679.6825202581,0.1626875103
1680.6467467335,0.1626776159
1681.6109732090,0.1625558436
1682.5751996845,0.1623881757
1683.5394261599,0.1622787118
1684.5036526354,0.1623229086
1685.4678791108,0.1625512242
1686.4321055863,0.1629077047
1687.3963320618,0.1632869244
1688.3605585372,0.1636004448
1689.3247850127,0.1638149619
1690.2890114882,0.1639357507
1691.2532379636,0.1639666557
1692.2174644391,0.1638987958
1693.1816909146,0.1637383401
1694.1459173900,0.1635321528
1695.1101438655,0.1633505970
1696.0743703409,0.1632392853
1697.0385968164,0.1631921232
1698.0028232919,0.1631764174
1698.9670497673,0.1631815135
1699.9312762428,0.1632355452
1700.8955027183,0.1633713841
1701.8597291937,0.1635806859
1702.8239556692,0.1638065577
1703.7881821447,0.1639834940
1704.7524086201,0.1640838683
1705.7166350956,0.1641275734
1706.6808615711,0.1641522795
1707.6450880465,0.1641782671
1708.6093145220,0.1641983986
1709.5735409974,0.1641928256
1710.5377674729,0.1641455591
1711.5019939484,0.1640472710
1712.4662204238,0.1638896614
1713.4304468993,0.1636672020
1714.3946733748,0.1633906662
1715.3588998502,0.1631000489
1716.3231263257,0.1628591567
1717.2873528012,0.1627276987
1718.2515792766,0.1627270728
1719.2158057521,0.1628248394
1720.1800322275,0.1629514098
1721.1442587030,0.1630389988
1722.1084851785,0.1630547494
1723.0727116539,0.1630063951
1724.0369381294,0.1629214883
1725.0011646049,0.1628220677
1725.9653910803,0.1627148688
1726.9296175558,0.1625965238
1727.8938440313,0.1624596864
1728.8580705067,0.1622910500
1729.8222969822,0.1620716006
1730.7865234576,0.1617920399
1731.7507499331,0.1614771485
1732.7149764086,0.1611929983
1733.6792028840,0.1610181928
1734.6434293595,0.1609934419
1735.6076558350,0.1610913575
1736.5718823104,0.1612346470
1737.5361087859,0.1613496244
1738.5003352614,0.1614111513
1739.4645617368,0.1614446342
1740.4287882123,0.1614917219
1741.3930146877,0.1615743935
1742.3572411632,0.1616851091
1743.3214676387,0.1618022919
1744.2856941141,0.1619088501
1745.2499205896,0.1619979739
1746.2141470651,0.1620679200
1747.1783735405,0.1621184945
1748.1426000160,0.1621556282
1749.1068264915,0.1621974409
1750.0710529669,0.1622714698
1751.0352794424,0.1623996198
1751.9995059179,0.1625817120
1752.9637323933,0.1627920568
1753.9279588688,0.1629941761
1754.8921853442,0.1631631851
1755.8564118197,0.1632969677
1756.8206382952,0.1634077430
1757.7848647706,0.1635049284
1758.7490912461,0.1635876894
1759.7133177216,0.1636539251
1760.6775441970,0.1637122929
1761.6417706725,0.1637800634
1762.6059971480,0.1638666987
1763.5702236234,0.1639609039
1764.5344500989,0.1640364677
1765.4986765743,0.1640721262
1766.4629030498,0.1640644968
1767.4271295253,0.1640229523
1768.3913560007,0.1639561206
1769.3555824762,0.1638686508
1770.3198089517,0.1637717187
1771.2840354271,0.1636921465
1772.2482619026,0.1636640728
1773.2124883781,0.1637064219
1774.1767148535,0.1638062000
1775.1409413290,0.1639235914
1776.1051678044,0.1640154272
1777.0693942799,0.1640582681
1778.0336207554,0.1640546918
1778.9978472308,0.1640233994
1779.9620737063,0.1639835238
1780.9263001818,0.1639452428
1781.8905266572,0.1639101505
1782.8547531327,0.1638771296
1783.8189796082,0.1638475955
1784.7832060836,0.1638250947
1785.7474325591,0.1638096273
1786.7116590346,0.1637919694
1787.6758855100,0.1637544334
1788.6401119855,0.1636810303
1789.6043384609,0.1635715812
1790.5685649364,0.1634481549
1791.5327914119,0.1633468866
1792.4970178873,0.1632977575
1793.4612443628,0.1633066088
1794.4254708383,0.1633517444
1795.3896973137,0.1633976996
1796.3539237892,0.1634152532
1797.3181502647,0.1633947641
1798.2823767401,0.1633459926
1799.2466032156,0.1632881612
1800.2108296910,0.1632387191
1801.1750561665,0.1632064879
1802.1392826420,0.1631904393
1803.1035091174,0.1631824523
1804.0677355929,0.1631719172
1805.0319620684,0.1631500870
1805.9961885438,0.1631127298
1806.9604150193,0.1630606204
1807.9246414948,0.1629981846
1808.8888679702,0.1629322469
1809.8530944457,0.1628702283
1810.8173209211,0.1628175974
1811.7815473966,0.1627750397
1812.7457738721,0.1627378464
1813.7100003475,0.1626985669
1814.6742268230,0.1626515687
1815.6384532985,0.1625958979
1816.6026797739,0.1625345349
1817.5669062494,0.1624713838
1818.5311327249,0.1624081135
1819.4953592003,0.1623425186
1820.4595856758,0.1622692943
1821.4238121513,0.1621835381
1822.3880386267,0.1620850116
1823.3522651022,0.1619801372
1824.3164915776,0.1618780494
1825.2807180531,0.1617834419
1826.2449445286,0.1616929770
1827.2091710040,0.1616000682
1828.1733974795,0.1615041494
1829.1376239550,0.1614146233
1830.1018504304,0.1613441110
1831.0660769059,0.1612970382
1832.0303033814,0.1612642407
1832.9945298568,0.1612287462
1833.9587563323,0.1611770689
1834.9229828077,0.1611063033
1835.8872092832,0.1610227525
1836.8514357587,0.1609349698
1837.8156622341,0.1608461738
1838.7798887096,0.1607504934
1839.7441151851,0.1606350243
1840.7083416605,0.1604891866
1841.6725681360,0.1603163481
1842.6367946115,0.1601389050
1843.6010210869,0.1599893570
1844.5652475624,0.1598911732
1845.5294740378,0.1598438323
1846.4937005133,0.1598240733
1847.4579269888,0.1598020196
1848.4221534642,0.1597584486
1849.3863799397,0.1596906632
1850.3506064152,0.1596060991
1851.3148328906,0.1595129371
1852.2790593661,0.1594154835
1853.2432858416,0.1593151987
1854.2075123170,0.1592126489
1855.1717387925,0.1591083109
1856.1359652680,0.1590025425
1857.1001917434,0.1588959694
1858.0644182189,0.1587897390
1859.0286446943,0.1586850882
1859.9928711698,0.1585822105
1860.9570976453,0.1584799886
1861.9213241207,0.1583761573
1862.8855505962,0.1582673341
1863.8497770717,0.1581490040
1864.8140035471,0.1580172479
1865.7782300226,0.1578723937
1866.7424564981,0.1577225029
1867.7066829735,0.1575822830
1868.6709094490,0.1574666500
1869.6351359244,0.1573821306
1870.5993623999,0.1573225111
1871.5635888754,0.1572722495
1872.5278153508,0.1572152227
1873.4920418263,0.1571425796
1874.4562683018,0.1570549160
1875.4204947772,0.1569584161
1876.3847212527,0.1568593383
1877.3489477282,0.1567607820
1878.3131742036,0.1566629708
1879.2774006791,0.1565650403
1880.2416271545,0.1564664543
1881.2058536300,0.1563671529
1882.1700801055,0.1562673897
1883.1343065809,0.1561672091
1884.0985330564,0.1560657769
1885.0627595319,0.1559608281
1886.0269860073,0.1558501720
1886.9912124828,0.1557341367
1887.9554389583,0.1556175798
1888.9196654337,0.1555079669
1889.8838919092,0.1554104686
1890.8481183847,0.1553239524
1891.8123448601,0.1552417576
1892.7765713356,0.1551565826
1893.7407978110,0.1550654918
1894.7050242865,0.1549706012
1895.6692507620,0.1548757553
1896.6334772374,0.1547828168
1897.5977037129,0.1546907127
1898.5619301884,0.1545969248
1899.5261566638,0.1544998586
1900.4903831393,0.1543996632
1901.4546096148,0.1542976350
1902.4188360902,0.1541951448
1903.3830625657,0.1540925205
1904.3472890411,0.1539890170
1905.3115155166,0.1538833082
1906.2757419921,0.1537750661
1907.2399684675,0.1536653340
1908.2041949430,0.1535563469
1909.1684214185,0.1534502208
1910.1326478939,0.1533477008
1911.0968743694,0.1532474607
1912.0611008449,0.1531458795
1913.0253273203,0.1530375481
1913.9895537958,0.1529174149
1914.9537802712,0.1527843773
1915.9180067467,0.1526441574
1916.8822332222,0.1525077820
1917.8464596976,0.1523855329
1918.8106861731,0.1522805691
1919.7749126486,0.1521871239
1920.7391391240,0.1520954072
1921.7033655995,0.1519988775
1922.6675920750,0.1518975496
1923.6318185504,0.1517954469
1924.5960450259,0.1516955197
1925.5602715013,0.1515967995
1926.5244979768,0.1514961421
1927.4887244523,0.1513912678
1928.4529509277,0.1512823701
1929.4171774032,0.1511710286
1930.3814038787,0.1510588527
1931.3456303541,0.1509464979
1932.3098568296,0.1508342028
1933.2740833051,0.1507222354
1934.2383097805,0.1506106555
1935.2025362560,0.1504994333
1936.1667627315,0.1503879875
1937.1309892069,0.1502750516
1938.0952156824,0.1501588821
1939.0594421578,0.1500381678
1940.0236686333,0.1499136835
1940.9878951088,0.1497890204
1941.9521215842,0.1496692896
1942.9163480597,0.1495583355
1943.8805745352,0.1494561434
1944.8448010106,0.1493592560
1945.8090274861,0.1492629051
1946.7732539616,0.1491638720
1947.7374804370,0.1490613371
1948.7017069125,0.1489562094
1949.6659333879,0.1488496065
1950.6301598634,0.1487421691
1951.5943863389,0.1486341059
1952.5586128143,0.1485251486
1953.5228392898,0.1484144032
1954.4870657653,0.1483008862
1955.4512922407,0.1481840909
1956.4155187162,0.1480650306
1957.3797451917,0.1479464173
1958.3439716671,0.1478316337
1959.3081981426,0.1477227807
1960.2724246180,0.1476194859
1961.2366510935,0.1475184858
1962.2008775690,0.1474152654
1963.1651040444,0.1473063678
1964.1293305199,0.1471911222
1965.0935569954,0.1470719576
1966.0577834708,0.1469530016
1967.0220099463,0.1468378901
1967.9862364218,0.1467280835
1968.9504628972,0.1466224790
1969.9146893727,0.1465183496
1970.8789158482,0.1464129984
1971.8431423236,0.1463049054
1972.8073687991,0.1461940408
1973.7715952745,0.1460811943
1974.7358217500,0.1459673345
1975.7000482255,0.1458531022
1976.6642747009,0.1457387209
1977.6285011764,0.1456243098
1978.5927276519,0.1455097347
1979.5569541273,0.1453948915
1980.5211806028,0.1452796906
1981.4854070783,0.1451642513
1982.4496335537,0.1450487077
1983.4138600292,0.1449329257
1984.3780865046,0.1448165774
1985.3423129801,0.1446993947
1986.3065394556,0.1445810795
1987.2707659310,0.1444613934
1988.2349924065,0.1443400681
1989.1992188820,0.1442172974
1990.1634453574,0.1440943778
1991.1276718329,0.1439734399
1992.0918983084,0.1438564956
1993.0561247838,0.1437437534
1994.0203512593,0.1436332911
1994.9845777347,0.1435220391
1995.9488042102,0.1434076726
1996.9130306857,0.1432897449
1997.8772571611,0.1431694031
1998.8414836366,0.1430482864
1999.8057101121,0.1429273784
2000.7699365875,0.1428067386
2001.7341630630,0.1426859945
2002.6983895385,0.1425648183
2003.6626160139,0.1424431801
2004.6268424894,0.1423213035
2005.5910689649,0.1421994567
2006.5552954403,0.1420775950
2007.5195219158,0.1419555843
2008.4837483912,0.1418331563
2009.4479748667,0.1417103708
2010.4122013422,0.1415875554
2011.3764278176,0.1414648890
2012.3406542931,0.1413421333
2013.3048807686,0.1412184238
2014.2691072440,0.1410930902
2015.2333337195,0.1409664154
2016.1975601950,0.1408399791
2017.1617866704,0.1407157928
2018.1260131459,0.1405951083
2019.0902396213,0.1404774785
2020.0544660968,0.1403611153
2021.0186925723,0.1402440965
2021.9829190477,0.1401253045
2022.9471455232,0.1400048137
2023.9113719987,0.1398831308
2024.8755984741,0.1397606581
2025.8398249496,0.1396376193
2026.8040514251,0.1395141780
2027.7682779005,0.1393909156
2028.7325043760,0.1392684877
2029.6967308514,0.1391473711
2030.6609573269,0.1390275359
2031.6251838024,0.1389084756
2032.5894102778,0.1387893856
2033.5536367533,0.1386696696
2034.5178632288,0.1385491043
2035.4820897042,0.1384277344
2036.4463161797,0.1383058131
2037.4105426552,0.1381836087
2038.3747691306,0.1380614638
2039.3389956061,0.1379397810
2040.3032220816,0.1378187835
2041.2674485570,0.1376986206
2042.2316750325,0.1375790834
2043.1959015079,0.1374598145
2044.1601279834,0.1373403966
2045.1243544589,0.1372205168
2046.0885809343,0.1370999664
2047.0528074098,0.1369787455
2048.0170338853,0.1368570626
2048.9812603607,0.1367353797
2049.9454868362,0.1366139948
2050.9097133117,0.1364929378
2051.8739397871,0.1363720447
2052.8381662626,0.1362510622
2053.8023927380,0.1361299455
2054.7666192135,0.1360086501
2055.7308456890,0.1358871460
2056.6950721644,0.1357652247
2057.6592986399,0.1356426179
2058.6235251154,0.1355192959
2059.5877515908,0.1353954226
2060.5519780663,0.1352710724
2061.5162045418,0.1351462901
2062.4804310172,0.1350212246
2063.4446574927,0.1348963082
2064.4088839681,0.1347721219
2065.3731104436,0.1346491724
2066.3373369191,0.1345271617
2067.3015633945,0.1344053149
2068.2657898700,0.1342827231
2069.2300163455,0.1341590136
2070.1942428209,0.1340344697
2071.1584692964,0.1339097321
2072.1226957719,0.1337853074
2073.0869222473,0.1336612403
2074.0511487228,0.1335372329
2075.0153751983,0.1334129274
2075.9796016737,0.1332883239
2076.9438281492,0.1331637800
2077.9080546246,0.1330399066
2078.8722811001,0.1329171658
2079.8365075756,0.1327956617
2080.8007340510,0.1326749772
2081.7649605265,0.1325546056
2082.7291870020,0.1324342042
2083.6934134774,0.1323139220
2084.6576399529,0.1321942955
2085.6218664284,0.1320758462
2086.5860929038,0.1319590211
2087.5503193793,0.1318438053
2088.5145458547,0.1317301244
2089.4787723302,0.1316178292
2090.4429988057,0.1315068603
2091.4072252811,0.1313971728
2092.3714517566,0.1312888563
2093.3356782321,0.1311819106
2094.2999047075,0.1310763061
2095.2641311830,0.1309718192
2096.2283576585,0.1308681220
2097.1925841339,0.1307648718
2098.1568106094,0.1306617558
2099.1210370848,0.1305587888
2100.0852635603,0.1304560900
2101.0494900358,0.1303540766
2102.0137165112,0.1302530468
2102.9779429867,0.1301532090
2103.9421694622,0.1300545037
2104.9063959376,0.1299567223
2105.8706224131,0.1298597604
2106.8348488886,0.1297635436
2107.7990753640,0.1296679974
2108.7633018395,0.1295729578
2109.7275283149,0.1294781268
2110.6917547904,0.1293833852
2111.6559812659,0.1292888373
2112.6202077413,0.1291947663
2113.5844342168,0.1291014850
2114.5486606923,0.1290089339
2115.5128871677,0.1289168894
2116.4771136432,0.1288250238
2117.4413401187,0.1287329495
2118.4055665941,0.1286405921
2119.3697930696,0.1285480857
2120.3340195451,0.1284557879
2121.2982460205,0.1283640265
2122.2624724960,0.1282729805
2123.2266989714,0.1281826198
2124.1909254469,0.1280927658
2125.1551519224,0.1280033737
2126.1193783978,0.1279146820
2127.0836048733,0.1278269887
2128.0478313488,0.1277403831
2129.0120578242,0.1276546717
2129.9762842997,0.1275694072
2130.9405107752,0.1274843812
2131.9047372506,0.1273995936
2132.8689637261,0.1273151636
2133.8331902015,0.1272313297
2134.7974166770,0.1271481812
2135.7616431525,0.1270657182
2136.7258696279,0.1269839108
2137.6900961034,0.1269024611
2138.6543225789,0.1268209517
2139.6185490543,0.1267390698
2140.5827755298,0.1266567707
2141.5470020053,0.1265742928
2142.5112284807,0.1264920235
2143.4754549562,0.1264100969
2144.4396814316,0.1263283789
2145.4039079071,0.1262466460
2146.3681343826,0.1261647791
2147.3323608580,0.1260827780
2148.2965873335,0.1260007322
2149.2608138090,0.1259189248
2150.2250402844,0.1258376837
2151.1892667599,0.1257573068
2152.1534932354,0.1256777942
2153.1177197108,0.1255987585
2154.0819461863,0.1255196184
2155.0461726618,0.1254399568
2156.0103991372,0.1253597736
2156.9746256127,0.1252795160
2157.9388520881,0.1251999140
2158.9030785636,0.1251213998
2159.8673050391,0.1250438541
2160.8315315145,0.1249666065
2161.7957579900,0.1248887032
2162.7599844655,0.1248092502
2163.7242109409,0.1247271970
2164.6884374164,0.1246412843
2165.6526638919,0.1245504469
2166.6168903673,0.1244551390
2167.5811168428,0.1243586093
2168.5453433182,0.1242664158
2169.5095697937,0.1241840944
2170.4737962692,0.1241140217
2171.4380227446,0.1240539849
2172.4022492201,0.1239985749
2173.3664756956,0.1239423826
2174.3307021710,0.1238824874
2175.2949286465,0.1238186657
2176.2591551220,0.1237520054
2177.2233815974,0.1236833483
2178.1876080729,0.1236128360
2179.1518345483,0.1235404313
2180.1160610238,0.1234663948
2181.0802874993,0.1233913675
2182.0445139747,0.1233159900
2183.0087404502,0.1232407019
2183.9729669257,0.1231656373
2184.9371934011,0.1230907440
2185.9014198766,0.1230158806
2186.8656463521,0.1229408905
2187.8298728275,0.1228656620
2188.7940993030,0.1227900684
2189.7583257785,0.1227141097
2190.7225522539,0.1226379126
2191.6867787294,0.1225617155
2192.6510052048,0.1224859208
2193.6152316803,0.1224108636
2194.5794581558,0.1223365963
2195.5436846312,0.1222627908
2196.5079111067,0.1221890002
2197.4721375822,0.1221148521
2198.4363640576,0.1220403314
2199.4005905331,0.1219656616
2200.3648170086,0.1218910888
2201.3290434840,0.1218167692
2202.2932699595,0.1217426658
2203.2574964349,0.1216687560
2204.2217229104,0.1215951592
2205.1859493859,0.1215222254
2206.1501758613,0.1214501411
2207.1144023368,0.1213787794
2208.0786288123,0.1213076413
2209.0428552877,0.1212361455
2210.0070817632,0.1211639643
2210.9713082387,0.1210911870
2211.9355347141,0.1210181266
2212.8997611896,0.1209449843
2213.8639876650,0.1208717078
2214.8282141405,0.1207980961
2215.7924406160,0.1207242012
2216.7566670914,0.1206503659
2217.7208935669,0.1205772012
2218.6851200424,0.1205051392
2219.6493465178,0.1204341650
2220.6135729933,0.1203637570
2221.5777994688,0.1202929914
2222.5420259442,0.1202208698
2223.5062524197,0.1201467365
2224.4704788952,0.1200704128
2225.4347053706,0.1199920774
2226.3989318461,0.1199120879
2227.3631583215,0.1198306084
2228.3273847970,0.1197476909
2229.2916112725,0.1196634918
2230.2558377479,0.1195785180
2231.2200642234,0.1194933951
2232.1842906989,0.1194083914
2233.1485171743,0.1193229631
2234.1127436498,0.1192358956
2235.0769701253,0.1191459596
2236.0411966007,0.1190524846
2237.0054230762,0.1189556271
2237.9696495516,0.1188559681
2238.9338760271,0.1187541783
2239.8981025026,0.1186508313
2240.8623289780,0.1185467094
2241.8265554535,0.1184430122
2242.7907819290,0.1183413267
2243.7550084044,0.1182433963
2244.7192348799,0.1181506217
2245.6834613554,0.1180639565
2246.6476878308,0.1179838479
2247.6119143063,0.1179104149
2248.5761407817,0.1178435534
2249.5403672572,0.1177828908
2250.5045937327,0.1177276894
2251.4688202081,0.1176768392
2252.4330466836,0.1176289916
2253.3972731591,0.1175828725
2254.3614996345,0.1175375730
2255.3257261100,0.1174925715
2256.2899525855,0.1174476445
2257.2541790609,0.1174025387
2258.2184055364,0.1173568591
2259.1826320119,0.1173100621
2260.1468584873,0.1172618940
2261.1110849628,0.1172124594
2262.0753114382,0.1171623021
2263.0395379137,0.1171119511
2264.0037643892,0.1170616001
2264.9679908646,0.1170109510
2265.9322173401,0.1169594377
2266.8964438156,0.1169066131
2267.8606702910,0.1168524995
2268.8248967665,0.1167975068
2269.7891232420,0.1167422235
2270.7533497174,0.1166870147
2271.7175761929,0.1166319251
2272.6818026683,0.1165766120
2273.6460291438,0.1165206209
2274.6102556193,0.1164637506
2275.5744820947,0.1164061129
2276.5387085702,0.1163480580
2277.5029350457,0.1162899956
2278.4671615211,0.1162320897
2279.4313879966,0.1161743551
2280.3956144721,0.1161167324
2281.3598409475,0.1160592288
2282.3240674230,0.1160017252
2283.2882938984,0.1159440205
2284.2525203739,0.1158857048
2285.2167468494,0.1158263534
2286.1809733248,0.1157656610
2287.1451998003,0.1157036424
2288.1094262758,0.1156405732
2289.0736527512,0.1155769303
2290.0378792267,0.1155131236
2291.0021057022,0.1154492944
2291.9663321776,0.1153852344
2292.9305586531,0.1153206006
2293.8947851285,0.1152552143
2294.8590116040,0.1151892245
2295.8232380795,0.1151229963
2296.7874645549,0.1150568575
2297.7516910304,0.1149908453
2298.7159175059,0.1149247140
2299.6801439813,0.1148580164
2300.6443704568,0.1147901639
2301.6085969323,0.1147206426
2302.5728234077,0.1146491319
2303.5370498832,0.1145756841
2304.5012763587,0.1145005375
2305.4655028341,0.1144238114
2306.4297293096,0.1143452972
2307.3939557850,0.1142644212
2308.3581822605,0.1141806021
2309.3224087360,0.1140935794
2310.2866352114,0.1140035689
2311.2508616869,0.1139108837
2312.2150881624,0.1138156503
2313.1793146378,0.1137175560
2314.1435411133,0.1136160642
2315.1077675888,0.1135107130
2316.0719940642,0.1134014949
2317.0362205397,0.1132887527
2318.0004470151,0.1131729931
2318.9646734906,0.1130545884
2319.9288999661,0.1129336208
2320.8931264415,0.1128101200
2321.8573529170,0.1126842201
2322.8215793925,0.1125562638
2323.7858058679,0.1124267876
2324.7500323434,0.1122964174
2325.7142588189,0.1121658757
2326.6784852943,0.1120359898
2327.6427117698,0.1119076386
2328.6069382452,0.1117817312
2329.5711647207,0.1116593033
2330.5353911962,0.1115414575
2331.4996176716,0.1114292890
2332.4638441471,0.1113235950
2333.4280706226,0.1112248302
2334.3922970980,0.1111332476
2335.3565235735,0.1110492498
2336.3207500490,0.1109736860
2337.2849765244,0.1109081060
2338.2492029999,0.1108545661
2339.2134294754,0.1108155996
2340.1776559508,0.1107936129
2341.1418824263,0.1107905507
2342.1061089017,0.1108075827
2343.0703353772,0.1108451337
2344.0345618527,0.1109022498
2344.9987883281,0.1109745502
2345.9630148036,0.1110511422
2346.9272412791,0.1111131907
2347.8914677545,0.1111366302
2348.8556942300,0.1110995710
2349.8199207055,0.1109908745
2350.7841471809,0.1108146906
2351.7483736564,0.1105882227
2352.7126001318,0.1103343517
2353.6768266073,0.1100739688
2354.6410530828,0.1098217070
2355.6052795582,0.1095861346
2356.5695060337,0.1093717590
2357.5337325092,0.1091811731
2358.4979589846,0.1090160012
2359.4621854601,0.1088772863
2360.4264119356,0.1087657213
2361.3906384110,0.1086814553
2362.3548648865,0.1086240187
2363.3190913619,0.1085920185
2364.2833178374,0.1085834354
2365.2475443129,0.1085959375
2366.2117707883,0.1086271331
2367.1759972638,0.1086745411
2368.1402237393,0.1087352484
2369.1044502147,0.1088057458
2370.0686766902,0.1088820174
2371.0329031657,0.1089597642
2371.9971296411,0.1090348884
2372.9613561166,0.1091037989
2373.9255825921,0.1091638282
2374.8898090675,0.1092133522
2375.8540355430,0.1092516109
2376.8182620184,0.1092783436
2377.7824884939,0.1092934310
2378.7467149694,0.1092967838
2379.7109414448,0.1092884913
2380.6751679203,0.1092690825
2381.6393943958,0.1092396006
2382.6036208712,0.1092015505
2383.5678473467,0.1091565862
2384.5320738222,0.1091061234
2385.4963002976,0.1090512276
2386.4605267731,0.1089925617
2387.4247532485,0.1089306399
2388.3889797240,0.1088659838
2389.3532061995,0.1087991521
2390.3174326749,0.1087306291
2391.2816591504,0.1086608320
2392.2458856259,0.1085901111
2393.2101121013,0.1085188538
2394.1743385768,0.1084475070
2395.1385650523,0.1083765253
2396.1027915277,0.1083062440
2397.0670180032,0.1082366705
2398.0312444786,0.1081676334
2398.9954709541,0.1080987155
2399.9596974296,0.1080294624
2400.9239239050,0.1079595983
2401.8881503805,0.1078890488
2402.8523768560,0.1078179479
2403.8166033314,0.1077465564
2404.7808298069,0.1076749861
2405.7450562824,0.1076033264
2406.7092827578,0.1075316221
2407.6735092333,0.1074599773
2408.6377357088,0.1073884368
2409.6019621842,0.1073170453
2410.5661886597,0.1072458327
2411.5304151351,0.1071748734
2412.4946416106,0.1071043238
2413.4588680861,0.1070342138
2414.4230945615,0.1069644019
2415.3873210370,0.1068944782
2416.3515475125,0.1068239883
2417.3157739879,0.1067527086
2418.2800004634,0.1066806465
2419.2442269389,0.1066080928
2420.2084534143,0.1065352708
2421.1726798898,0.1064622551
2422.1369063652,0.1063889191
2423.1011328407,0.1063149720
2424.0653593162,0.1062402576
2425.0295857916,0.1061648130
2425.9938122671,0.1060890555
2426.9580387426,0.1060135812
2427.9222652180,0.1059388518
2428.8864916935,0.1058648676
2429.8507181690,0.1057911366
2430.8149446444,0.1057169363
2431.7791711199,0.1056418568
2432.7433975953,0.1055659801
2433.7076240708,0.1054898947
2434.6718505463,0.1054141596
2435.6360770217,0.1053389609
2436.6003034972,0.1052638292
2437.5645299727,0.1051880717
2438.5287564481,0.1051111817
2439.4929829236,0.1050332338
2440.4572093991,0.1049547195
2441.4214358745,0.1048762202
2442.3856623500,0.1047980487
2443.3498888255,0.1047202423
2444.3141153009,0.1046425775
2445.2783417764,0.1045647860
2446.2425682518,0.1044865698
2447.2067947273,0.1044077128
2448.1710212028,0.1043280810
2449.1352476782,0.1042478308
2450.0994741537,0.1041671783
2451.0637006292,0.1040863097
2452.0279271046,0.1040053815
2452.9921535801,0.1039245874
2453.9563800556,0.1038441509
2454.9206065310,0.1037642658
2455.8848330065,0.1036848798
2456.8490594819,0.1036057025
2457.8132859574,0.1035264432
2458.7775124329,0.1034470648
2459.7417389083,0.1033677906
2460.7059653838,0.1032888964
2461.6701918593,0.1032104194
2462.6344183347,0.1031320840
2463.5986448102,0.1030534357
2464.5628712857,0.1029742062
2465.5270977611,0.1028943658
2466.4913242366,0.1028142497
2467.4555507120,0.1027342230
2468.4197771875,0.1026546061
2469.3840036630,0.1025754958
2470.3482301384,0.1024969220
2471.3124566139,0.1024188250
2472.2766830894,0.1023411527
2473.2409095648,0.1022637933
2474.2051360403,0.1021865383
2475.1693625158,0.1021091342
2476.1335889912,0.1020314172
2477.0978154667,0.1019534618
2478.0620419421,0.1018754765
2479.0262684176,0.1017976999
2479.9904948931,0.1017202288
2480.9547213685,0.1016429514
2481.9189478440,0.1015655696
2482.8831743195,0.1014878079
2483.8474007949,0.1014095098
2484.8116272704,0.1013308167
2485.7758537459,0.1012521312
2486.7400802213,0.1011737883
2487.7043066968,0.1010959595
2488.6685331723,0.1010185853
2489.6327596477,0.1009414569
2490.5969861232,0.1008643880
2491.5612125986,0.1007872373
2492.5254390741,0.1007098258
2493.4896655496,0.1006319523
2494.4538920250,0.1005534530
2495.4181185005,0.1004744321
2496.3823449760,0.1003952771
2497.3465714514,0.1003163308
2498.3107979269,0.1002377346
2499.2750244024,0.1001591906
2500.2392508778,0.1000802070
2501.2034773533,0.1000004262
2502.1677038287,0.0999198779
2503.1319303042,0.0998390168
2504.0961567797,0.0997584760
2505.0603832551,0.0996787250
2506.0246097306,0.0995998830
2506.9888362061,0.0995218009
2507.9530626815,0.0994441956
2508.9172891570,0.0993667990
2509.8815156325,0.0992893279
2510.8457421079,0.0992115885
2511.8099685834,0.0991333872
2512.7741950588,0.0990547687
2513.7384215343,0.0989758968
2514.7026480098,0.0988970399
2515.6668744852,0.0988183171
2516.6311009607,0.0987396389
2517.5953274362,0.0986607745
2518.5595539116,0.0985814407
2519.5237803871,0.0985015109
2520.4880068626,0.0984211117
2521.4522333380,0.0983405858
2522.4164598135,0.0982604176
2523.3806862890,0.0981809348
2524.3449127644,0.0981021971
2525.3091392399,0.0980239958
2526.2733657153,0.0979459882
2527.2375921908,0.0978679731
2528.2018186663,0.0977898762
2529.1660451417,0.0977117270
2530.1302716172,0.0976335257
2531.0944980927,0.0975551531
2532.0587245681,0.0974765569
2533.0229510436,0.0973978341
2533.9871775191,0.0973191857
2534.9514039945,0.0972408727
2535.9156304700,0.0971629843
2536.8798569454,0.0970853940
2537.8440834209,0.0970079154
2538.8083098964,0.0969303548
2539.7725363718,0.0968527794
2540.7367628473,0.0967752859
2541.7009893228,0.0966979563
2542.6652157982,0.0966206342
2543.6294422737,0.0965429842
2544.5936687492,0.0964646786
2545.5578952246,0.0963857099
2546.5221217001,0.0963064730
2547.4863481755,0.0962275267
2548.4505746510,0.0961493254
2549.4148011265,0.0960719287
2550.3790276019,0.0959950387
2551.3432540774,0.0959182382
2552.3074805529,0.0958412290
2553.2717070283,0.0957639068
2554.2359335038,0.0956862122
2555.2001599793,0.0956080407
2556.1643864547,0.0955292732
2557.1286129302,0.0954499543
2558.0928394057,0.0953704268
2559.0570658811,0.0952912793
2560.0212923566,0.0952130407
2560.9855188320,0.0951359719
2561.9497453075,0.0950599238
2562.9139717830,0.0949844047
2563.8781982584,0.0949088112
2564.8424247339,0.0948325992
2565.8066512094,0.0947555825
2566.7708776848,0.0946778432
2567.7351041603,0.0945997536
2568.6993306358,0.0945217013
2569.6635571112,0.0944438875
2570.6277835867,0.0943663418
2571.5920100621,0.0942889079
2572.5562365376,0.0942115486
2573.5204630131,0.0941343755
2574.4846894885,0.0940575898
2575.4489159640,0.0939812660
2576.4131424395,0.0939052254
2577.3773689149,0.0938290954
2578.3415953904,0.0937525108
2579.3058218659,0.0936753750
2580.2700483413,0.0935980231
2581.2342748168,0.0935209394
2582.1985012922,0.0934444368
2583.1627277677,0.0933684558
2584.1269542432,0.0932926536
2585.0911807186,0.0932167321
2586.0554071941,0.0931406617
2587.0196336696,0.0930646658
2587.9838601450,0.0929889828
2588.9480866205,0.0929136351
2589.9123130960,0.0928384066
2590.8765395714,0.0927628279
2591.8407660469,0.0926865190
2592.8049925224,0.0926092938
2593.7692189978,0.0925313383
2594.7334454733,0.0924532562
2595.6976719487,0.0923757404
2596.6618984242,0.0922992975
2597.6261248997,0.0922239944
2598.5903513751,0.0921495259
2599.5545778506,0.0920755938
2600.5188043261,0.0920020789
2601.4830308015,0.0919290558
2602.4472572770,0.0918564349
2603.4114837525,0.0917839631
2604.3757102279,0.0917113423
2605.3399367034,0.0916385502
2606.3041631788,0.0915659666
2607.2683896543,0.0914940238
2608.2326161298,0.0914228782
2609.1968426052,0.0913523138
2610.1610690807,0.0912818387
2611.1252955562,0.0912111476
2612.0895220316,0.0911402553
2613.0537485071,0.0910693258
2614.0179749826,0.0909985825
2614.9822014580,0.0909280404
2615.9464279335,0.0908576548
2616.9106544089,0.0907874703
2617.8748808844,0.0907176286
2618.8391073599,0.0906483158
2619.8033338353,0.0905796289
2620.7675603108,0.0905115008
2621.7317867863,0.0904437006
2622.6960132617,0.0903761089
2623.6602397372,0.0903086513
2624.6244662127,0.0902414694
2625.5886926881,0.0901746303
2626.5529191636,0.0901081488
2627.5171456391,0.0900418758
2628.4813721145,0.0899756402
2629.4455985900,0.0899093300
2630.4098250654,0.0898429379
2631.3740515409,0.0897765160
2632.3382780164,0.0897101611
2633.3025044918,0.0896439403
2634.2667309673,0.0895779133
2635.2309574428,0.0895120502
2636.1951839182,0.0894463360
2637.1594103937,0.0893807411
2638.1236368692,0.0893153101
2639.0878633446,0.0892500207
2640.0520898201,0.0891847461
2641.0163162955,0.0891192034
2641.9805427710,0.0890531316
2642.9447692465,0.0889866278
2643.9089957219,0.0889201611
2644.8732221974,0.0888543874
2645.8374486729,0.0887896717
2646.8016751483,0.0887257904
2647.7659016238,0.0886620954
2648.7301280993,0.0885979086
2649.6943545747,0.0885329694
2650.6585810502,0.0884674937
2651.6228075256,0.0884019285
2652.5870340011,0.0883365497
2653.5512604766,0.0882713944
2654.5154869520,0.0882063061
2655.4797134275,0.0881412178
2656.4439399030,0.0880762190
2657.4081663784,0.0880114883
2658.3723928539,0.0879471302
2659.3366193294,0.0878829658
2660.3008458048,0.0878187343
2661.2650722803,0.0877542943
2662.2292987557,0.0876896754
2663.1935252312,0.0876251310
2664.1577517067,0.0875608623
2665.1219781821,0.0874968618
2666.0862046576,0.0874330252
2667.0504311331,0.0873692185
2668.0146576085,0.0873054713
2668.9788840840,0.0872419551
2669.9431105595,0.0871788338
2670.9073370349,0.0871162862
2671.8715635104,0.0870543122
2672.8357899859,0.0869928300
2673.8000164613,0.0869315788
2674.7642429368,0.0868702978
2675.7284694122,0.0868088305
2676.6926958877,0.0867473483
2677.6569223632,0.0866861939
2678.6211488386,0.0866257772
2679.5853753141,0.0865661949
2680.5496017896,0.0865072310
2681.5138282650,0.0864485055
2682.4780547405,0.0863896757
2683.4422812160,0.0863305554
2684.4065076914,0.0862712264
2685.3707341669,0.0862118006
2686.3349606423,0.0861524791
2687.2991871178,0.0860935152
2688.2634135933,0.0860351473
2689.2276400687,0.0859774798
2690.1918665442,0.0859204531
2691.1560930197,0.0858638436
2692.1203194951,0.0858074278
2693.0845459706,0.0857510641
2694.0487724461,0.0856946707
2695.0129989215,0.0856381059
2695.9772253970,0.0855811611
2696.9414518724,0.0855235830
2697.9056783479,0.0854653120
2698.8699048234,0.0854065940
2699.8341312988,0.0853478760
2700.7983577743,0.0852894932
2701.7625842498,0.0852314681
2702.7268107252,0.0851733685
2703.6910372007,0.0851146877
2704.6552636762,0.0850550979
2705.6194901516,0.0849945843
2706.5837166271,0.0849334449
2707.5479431026,0.0848720521
2708.5121695780,0.0848104954
2709.4763960535,0.0847487301
2710.4406225289,0.0846865475
2711.4048490044,0.0846238285
2712.3690754799,0.0845605135
2713.3333019553,0.0844964311
2714.2975284308,0.0844309628
2715.2617549063,0.0843632817
2716.2259813817,0.0842925683
2717.1902078572,0.0842186064
2718.1544343327,0.0841418952
2719.1186608081,0.0840635300
2720.0828872836,0.0839848369
2721.0471137590,0.0839072764
2722.0113402345,0.0838324428
2722.9755667100,0.0837621167
2723.9397931854,0.0836978406
2724.9040196609,0.0836405233
2725.8682461364,0.0835900605
2726.8324726118,0.0835454613
2727.7966990873,0.0835051984
2728.7609255628,0.0834676921
2729.7251520382,0.0834315717
2730.6893785137,0.0833956897
2731.6536049891,0.0833590329
2732.6178314646,0.0833207220
2733.5820579401,0.0832800567
2734.5462844155,0.0832367986
2735.5105108910,0.0831911489
2736.4747373665,0.0831437409
2737.4389638419,0.0830952600
2738.4031903174,0.0830461234
2739.3674167929,0.0829963982
2740.3316432683,0.0829460174
2741.2958697438,0.0828950405
2742.2600962193,0.0828438103
2743.2243226947,0.0827926844
2744.1885491702,0.0827417821
2745.1527756456,0.0826909468
2746.1170021211,0.0826399326
2747.0812285966,0.0825885683
2748.0454550720,0.0825368911
2749.0096815475,0.0824849904
2749.9739080230,0.0824329555
2750.9381344984,0.0823808163
2751.9023609739,0.0823286027
2752.8665874494,0.0822763816
2753.8308139248,0.0822242200
2754.7950404003,0.0821720660
2755.7592668757,0.0821199119
2756.7234933512,0.0820678473
2757.6877198267,0.0820162073
2758.6519463021,0.0819653124
2759.6161727776,0.0819152445
2760.5803992531,0.0818656385
2761.5446257285,0.0818159282
2762.5088522040,0.0817656592
2763.4730786795,0.0817147866
2764.4373051549,0.0816635489
2765.4015316304,0.0816122144
2766.3657581058,0.0815607756
2767.3299845813,0.0815091208
2768.2942110568,0.0814571381
2769.2584375322,0.0814050362
2770.2226640077,0.0813530982
2771.1868904832,0.0813015848
2772.1511169586,0.0812504217
2773.1153434341,0.0811993554
2774.0795699096,0.0811480582
2775.0437963850,0.0810963213
2776.0080228605,0.0810440928
2776.9722493360,0.0809913874
2777.9364758114,0.0809383690
2778.9007022869,0.0808851719
2779.8649287623,0.0808318853
2780.8291552378,0.0807785243
2781.7933817133,0.0807250142
2782.7576081887,0.0806712732
2783.7218346642,0.0806171447
2784.6860611397,0.0805624798
2785.6502876151,0.0805070624
2786.6145140906,0.0804507583
2787.5787405661,0.0803935826
2788.5429670415,0.0803357139
2789.5071935170,0.0802773237
2790.4714199924,0.0802184790
2791.4356464679,0.0801591277
2792.3998729434,0.0800992325
2793.3640994188,0.0800388157
2794.3283258943,0.0799780041
2795.2925523698,0.0799168050
2796.2567788452,0.0798552036
2797.2210053207,0.0797931254
2798.1852317962,0.0797305405
2799.1494582716,0.0796674490
2800.1136847471,0.0796038657
2801.0779112225,0.0795397982
2802.0421376980,0.0794752985
2803.0063641735,0.0794104785
2803.9705906489,0.0793453902
2804.9348171244,0.0792800486
2805.8990435999,0.0792144388
2806.8632700753,0.0791484788
2807.8274965508,0.0790821761
2808.7917230263,0.0790153593
2809.7559495017,0.0789476708
2810.7201759772,0.0788785517
2811.6844024527,0.0788073987
2812.6486289281,0.0787336156
2813.6128554036,0.0786567405
2814.5770818790,0.0785764530
2815.5413083545,0.0784925818
2816.5055348300,0.0784050897
2817.4697613054,0.0783139616
2818.4339877809,0.0782189742
2819.3982142564,0.0781196654
2820.3624407318,0.0780152678
2821.3266672073,0.0779049695
2822.2908936828,0.0777879655
2823.2551201582,0.0776635855
2824.2193466337,0.0775312781
2825.1835731091,0.0773907602
2826.1477995846,0.0772420540
2827.1120260601,0.0770856440
2828.0762525355,0.0769224837
2829.0404790110,0.0767537802
2830.0047054865,0.0765808448
2830.9689319619,0.0764048696
2831.9331584374,0.0762267411
2832.8973849129,0.0760469586
2833.8616113883,0.0758655518
2834.8258378638,0.0756819025
2835.7900643392,0.0754946470
2836.7542908147,0.0753017664
2837.7185172902,0.0751004070
2838.6827437656,0.0748866200
2839.6469702411,0.0746547803
2840.6111967166,0.0743974671
2841.5754231920,0.0741069242
2842.5396496675,0.0737783164
2843.5038761430,0.0734138340
2844.4681026184,0.0730252489
2845.4323290939,0.0726329088
2846.3965555693,0.0722609460
2847.3607820448,0.0719306767
2848.3250085203,0.0716552436
2849.2892349957,0.0714377388
2850.2534614712,0.0712728724
2851.2176879467,0.0711508468
2852.1819144221,0.0710613430
2853.1461408976,0.0709961951
2854.1103673731,0.0709502548
2855.0745938485,0.0709205493
2856.0388203240,0.0709048659
2857.0030467995,0.0709003657
2857.9672732749,0.0709030703
2858.9314997504,0.0709083974
2859.8957262258,0.0709120780
2860.8599527013,0.0709110722
2861.8241791768,0.0709039792
2862.7884056522,0.0708907545
2863.7526321277,0.0708722323
2864.7168586032,0.0708496943
2865.6810850786,0.0708246976
2866.6453115541,0.0707990974
2867.6095380296,0.0707752258
2868.5737645050,0.0707556158
2869.5379909805,0.0707425773
2870.5022174559,0.0707374811
2871.4664439314,0.0707401782
2872.4306704069,0.0707489401
2873.3948968823,0.0707608834
2874.3591233578,0.0707726851
2875.3233498333,0.0707812533
2876.2875763087,0.0707840770
2877.2518027842,0.0707794800
2878.2160292597,0.0707664341
2879.1802557351,0.0707443655
2880.1444822106,0.0707129464
2881.1087086860,0.0706719458
2882.0729351615,0.0706212670
2883.0371616370,0.0705609620
2884.0013881124,0.0704913586
2884.9656145879,0.0704130381
2885.9298410634,0.0703266412
2886.8940675388,0.0702327639
2887.8582940143,0.0701318830
2888.8225204898,0.0700241923
2889.7867469652,0.0699096471
2890.7509734407,0.0697880462
2891.7151999162,0.0696593523
2892.6794263916,0.0695239380
2893.6436528671,0.0693826228
2894.6078793425,0.0692363828
2895.5721058180,0.0690858066
2896.5363322935,0.0689308643
2897.5005587689,0.0687709972
2898.4647852444,0.0686055273
2899.4290117199,0.0684340820
2900.3932381953,0.0682567284
2901.3574646708,0.0680736452
2902.3216911463,0.0678849816
2903.2859176217,0.0676907301
2904.2501440972,0.0674908012
2905.2143705726,0.0672846437
2906.1785970481,0.0670707449
2907.1428235236,0.0668461397
2908.1070499990,0.0666065812
2909.0712764745,0.0663473904
2910.0355029500,0.0660646707
2910.9997294254,0.0657566190
2911.9639559009,0.0654247552
2912.9281823764,0.0650751293
2913.8924088518,0.0647190064
2914.8566353273,0.0643717125
2915.8208618027,0.0640493482
2916.7850882782,0.0637642592
2917.7493147537,0.0635216162
2918.7135412291,0.0633190572
2919.6777677046,0.0631495565
2920.6419941801,0.0630055219
2921.6062206555,0.0628819615
2922.5704471310,0.0627774596
2923.5346736065,0.0626935884
2924.4989000819,0.0626337305
2925.4631265574,0.0626018494
2926.4273530329,0.0626012161
2927.3915795083,0.0626332164
2928.3558059838,0.0626965016
2929.3200324592,0.0627872050
2930.2842589347,0.0628999770
2931.2484854102,0.0630291104
2932.2127118856,0.0631692111
2933.1769383611,0.0633154213
2934.1411648366,0.0634635687
2935.1053913120,0.0636103898
2936.0696177875,0.0637535378
2937.0338442630,0.0638910234
2937.9980707384,0.0640202612
2938.9622972139,0.0641374364
2939.9265236893,0.0642376244
2940.8907501648,0.0643155426
2941.8549766403,0.0643663555
2942.8192031157,0.0643860698
2943.7834295912,0.0643716976
2944.7476560667,0.0643217117
2945.7118825421,0.0642365888
2946.6761090176,0.0641190261
2947.6403354931,0.0639729947
2948.6045619685,0.0638025552
2949.5687884440,0.0636109561
2950.5330149194,0.0634010509
2951.4972413949,0.0631762743
2952.4614678704,0.0629412830
2953.4256943458,0.0627018884
2954.3899208213,0.0624646619
2955.3541472968,0.0622370541
2956.3183737722,0.0620277189
2957.2826002477,0.0618461594
2958.2468267232,0.0617013760
2959.2110531986,0.0616001487
2960.1752796741,0.0615463257
2961.1395061496,0.0615415797
2962.1037326250,0.0615867972
2963.0679591005,0.0616827607
2964.0321855759,0.0618297569
2964.9964120514,0.0620266795
2965.9606385269,0.0622704998
2966.9248650023,0.0625559688
2967.8890914778,0.0628754497
2968.8533179533,0.0632186085
2969.8175444287,0.0635730177
2970.7817709042,0.0639256835
2971.7459973797,0.0642652810
2972.7102238551,0.0645835400
2973.6744503306,0.0648754239
2974.6386768060,0.0651383698
2975.6029032815,0.0653717592
2976.5671297570,0.0655769110
2977.5313562324,0.0657570064
2978.4955827079,0.0659161359
2979.4598091834,0.0660577640
2980.4240356588,0.0661837161
2981.3882621343,0.0662944019
2982.3524886098,0.0663899183
2983.3167150852,0.0664710552
2984.2809415607,0.0665394813
2985.2451680361,0.0665973350
2986.2093945116,0.0666469261
2987.1736209871,0.0666906387
2988.1378474625,0.0667306930
2989.1020739380,0.0667686239
2990.0663004135,0.0668046772
2991.0305268889,0.0668379515
2991.9947533644,0.0668671280
2992.9589798399,0.0668914020
2993.9232063153,0.0669105947
2994.8874327908,0.0669249892
2995.8516592663,0.0669349059
2996.8158857417,0.0669406652
2997.7801122172,0.0669425949
2998.7443386926,0.0669410974
2999.7085651681,0.0669364482
3000.6727916436,0.0669288039
3001.6370181190,0.0669182912
3002.6012445945,0.0669050515
3003.5654710700,0.0668890327
3004.5296975454,0.0668699443
3005.4939240209,0.0668473840
3006.4581504964,0.0668211877
3007.4223769718,0.0667914897
3008.3866034473,0.0667585135
3009.3508299227,0.0667219460
3010.3150563982,0.0666806921
3011.2792828737,0.0666327029
3012.2435093491,0.0665757358
3013.2077358246,0.0665090382
3014.1719623001,0.0664353371
3015.1361887755,0.0663619637
3016.1004152510,0.0662990361
3017.0646417265,0.0662548244
3018.0288682019,0.0662309080
3018.9930946774,0.0662205815
3019.9573211528,0.0662121177
3020.9215476283,0.0661948025
3021.8857741038,0.0661634505
3022.8500005792,0.0661190674
3023.8142270547,0.0660660416
3024.7784535302,0.0660086721
3025.7426800056,0.0659493208
3026.7069064811,0.0658886805
3027.6711329566,0.0658269227
3028.6353594320,0.0657644570
3029.5995859075,0.0657020137
3030.5638123829,0.0656402111
3031.5280388584,0.0655791461
3032.4922653339,0.0655183569
3033.4564918093,0.0654571950
3034.4207182848,0.0653953105
3035.3849447603,0.0653329343
3036.3491712357,0.0652708113
3037.3133977112,0.0652098879
3038.2776241867,0.0651509389
3039.2418506621,0.0650943443
3040.2060771376,0.0650400221
3041.1703036131,0.0649874508
3042.1345300885,0.0649358630
3043.0987565640,0.0648843795
3044.0629830394,0.0648322850
3045.0272095149,0.0647793412
3045.9914359904,0.0647261366
3046.9556624658,0.0646739006
3047.9198889413,0.0646238625
3048.8841154168,0.0645763576
3049.8483418922,0.0645305589
3050.8125683677,0.0644847304
3051.7767948432,0.0644370168
3052.7410213186,0.0643858463
3053.7052477941,0.0643302202
3054.6694742695,0.0642702878
3055.6337007450,0.0642078072
3056.5979272205,0.0641459674
3057.5621536959,0.0640878901
3058.5263801714,0.0640347749
3059.4906066469,0.0639851242
3060.4548331223,0.0639357045
3061.4190595978,0.0638832301
3062.3832860733,0.0638255775
3063.3475125487,0.0637621433
3064.3117390242,0.0636939704
3065.2759654996,0.0636239201
3066.2401919751,0.0635560751
3067.2044184506,0.0634938255
3068.1686449260,0.0634378642
3069.1328714015,0.0633856356
3070.0970978770,0.0633330271
3071.0613243524,0.0632765591
3072.0255508279,0.0632147342
3072.9897773034,0.0631479323
3073.9540037788,0.0630778223
3074.9182302543,0.0630069599
3075.8824567298,0.0629381686
3076.8466832052,0.0628734529
3077.8109096807,0.0628130138
3078.7751361561,0.0627551228
3079.7393626316,0.0626969784
3080.7035891071,0.0626357272
3081.6678155825,0.0625693798
3082.6320420580,0.0624975935
3083.5962685335,0.0624223873
3084.5604950089,0.0623479709
3085.5247214844,0.0622789040
3086.4889479599,0.0622174889
3087.4531744353,0.0621622130
3088.4174009108,0.0621087551
3089.3816273862,0.0620524511
3090.3458538617,0.0619904473
3091.3100803372,0.0619224012
3092.2743068126,0.0618500561
3093.2385332881,0.0617764890
3094.2027597636,0.0617051348
3095.1669862390,0.0616384931
3096.1312127145,0.0615769736
3097.0954391900,0.0615187734
3098.0596656654,0.0614608675
3099.0238921409,0.0614003576
3099.9881186163,0.0613354370
3100.9523450918,0.0612657666
3101.9165715673,0.0611926839
3102.8807980427,0.0611190572
3103.8450245182,0.0610482618
3104.8092509937,0.0609825104
3105.7734774691,0.0609215125
3106.7377039446,0.0608626083
3107.7019304201,0.0608023331
3108.6661568955,0.0607380420
3109.6303833710,0.0606689379
3110.5946098465,0.0605961382
3111.5588363219,0.0605222210
3112.5230627974,0.0604502484
3113.4872892728,0.0603824630
3114.4515157483,0.0603191704
3115.4157422238,0.0602585897
3116.3799686992,0.0601979271
3117.3441951747,0.0601347908
3118.3084216502,0.0600682423
3119.2726481256,0.0599988997
3120.2368746011,0.0599285513
3121.2011010766,0.0598594248
3122.1653275520,0.0597933382
3123.1295540275,0.0597308502
3124.0937805029,0.0596710183
3125.0580069784,0.0596119314
3126.0222334539,0.0595517159
3126.9864599293,0.0594893508
3127.9506864048,0.0594247691
3128.9149128803,0.0593585521
3129.8791393557,0.0592917055
3130.8433658312,0.0592253953
3131.8075923067,0.0591606125
3132.7718187821,0.0590975806
3133.7360452576,0.0590356551
3134.7002717330,0.0589735731
3135.6644982085,0.0589101687
3136.6287246840,0.0588448644
3137.5929511594,0.0587778129
3138.5571776349,0.0587097481
3139.5214041104,0.0586417764
3140.4856305858,0.0585749522
3141.4498570613,0.0585098490
3142.4140835368,0.0584462062
3143.3783100122,0.0583830886
3144.3425364877,0.0583194643
3145.3067629632,0.0582548007
3146.2709894386,0.0581893325
3147.2352159141,0.0581238456
3148.1994423895,0.0580591559
3149.1636688650,0.0579957142
3150.1278953405,0.0579333566
3151.0921218159,0.0578715205
3152.0563482914,0.0578095168
3153.0205747669,0.0577468500
3153.9848012423,0.0576834381
3154.9490277178,0.0576195791
3155.9132541933,0.0575557500
3156.8774806687,0.0574924275
3157.8417071442,0.0574298799
3158.8059336196,0.0573681444
3159.7701600951,0.0573070683
3160.7343865706,0.0572465137
3161.6986130460,0.0571864620
3162.6628395215,0.0571269244
3163.6270659970,0.0570677966
3164.5912924724,0.0570088699
3165.5555189479,0.0569499210
3166.5197454234,0.0568908826
3167.4839718988,0.0568317734
3168.4481983743,0.0567725971
3169.4124248497,0.0567132309
3170.3766513252,0.0566535592
3171.3408778007,0.0565935485
3172.3051042761,0.0565332957
3173.2693307516,0.0564728752
3174.2335572271,0.0564123914
3175.1977837025,0.0563519485
3176.1620101780,0.0562917367
3177.1262366535,0.0562318340
3178.0904631289,0.0561721958
3179.0546896044,0.0561126247
3180.0189160799,0.0560530722
3180.9831425553,0.0559936613
3181.9473690308,0.0559345931
3182.9115955062,0.0558758974
3183.8758219817,0.0558174886
3184.8400484572,0.0557592325
3185.8042749326,0.0557012185
3186.7685014081,0.0556436479
3187.7327278836,0.0555865951
3188.6969543590,0.0555298738
3189.6611808345,0.0554730855
3190.6254073100,0.0554158092
3191.5896337854,0.0553578958
3192.5538602609,0.0552995205
3193.5180867363,0.0552410930
3194.4823132118,0.0551829413
3195.4465396873,0.0551252440
3196.4107661627,0.0550680235
3197.3749926382,0.0550112836
3198.3392191137,0.0549550615
3199.3034455891,0.0548992492
3200.2676720646,0.0548434928
3201.2318985401,0.0547873005
3202.1961250155,0.0547303781
3203.1603514910,0.0546729751
3204.1245779664,0.0546156839
3205.0888044419,0.0545591041
3206.0530309174,0.0545033850
3207.0172573928,0.0544482544
3207.9814838683,0.0543932915
3208.9457103438,0.0543382466
3209.9099368192,0.0542830452
3210.8741632947,0.0542277396
3211.8383897702,0.0541723333
3212.8026162456,0.0541169047
3213.7668427211,0.0540615246
3214.7310691965,0.0540063307
3215.6952956720,0.0539513081
3216.6595221475,0.0538963899
3217.6237486229,0.0538414419
3218.5879750984,0.0537864417
3219.5522015739,0.0537315086
3220.5164280493,0.0536768362
3221.4806545248,0.0536225811
3222.4448810003,0.0535687879
3223.4091074757,0.0535154082
3224.3733339512,0.0534623004
3225.3375604267,0.0534092262
3226.3017869021,0.0533559620
3227.2660133776,0.0533024110
3228.2302398530,0.0532487333
3229.1944663285,0.0531953350
3230.1586928040,0.0531425774
3231.1229192794,0.0530905500
3232.0871457549,0.0530390590
3233.0513722304,0.0529878885
3234.0155987058,0.0529371202
3234.9798251813,0.0528871156
3235.9440516568,0.0528383069
3236.9082781322,0.0527907163
3237.8725046077,0.0527438745
3238.8367310831,0.0526970699
3239.8009575586,0.0526498370
3240.7651840341,0.0526021868
3241.7294105095,0.0525546186
3242.6936369850,0.0525076687
3243.6578634605,0.0524616018
3244.6220899359,0.0524162650
3245.5863164114,0.0523712374
3246.5505428869,0.0523261055
3247.5147693623,0.0522806495
3248.4789958378,0.0522348769
3249.4432223132,0.0521890409
3250.4074487887,0.0521434397
3251.3716752642,0.0520982631
3252.3359017396,0.0520534255
3253.3001282151,0.0520086214
3254.2643546906,0.0519636273
3255.2285811660,0.0519185700
3256.1928076415,0.0518737957
3257.1570341170,0.0518296137
3258.1212605924,0.0517859608
3259.0854870679,0.0517425053
3260.0497135434,0.0516989827
3261.0139400188,0.0516554117
3261.9781664943,0.0516119972
3262.9423929697,0.0515687913
3263.9066194452,0.0515255183
3264.8708459207,0.0514818057
3265.8350723961,0.0514374375
3266.7992988716,0.0513926633
3267.7635253471,0.0513480976
3268.7277518225,0.0513043106
3269.6919782980,0.0512615070
3270.6562047735,0.0512193590
3271.6204312489,0.0511772558
3272.5846577244,0.0511346310
3273.5488841998,0.0510913953
3274.5131106753,0.0510479026
3275.4773371508,0.0510047227
3276.4415636262,0.0509622693
3277.4057901017,0.0509206764
3278.3700165772,0.0508798733
3279.3342430526,0.0508396700
3280.2984695281,0.0507998280
3281.2626960036,0.0507600084
3282.2269224790,0.0507199019
3283.1911489545,0.0506793112
3284.1553754299,0.0506382063
3285.1196019054,0.0505967364
3286.0838283809,0.0505551249
3287.0480548563,0.0505136400
3288.0122813318,0.0504725352
3288.9765078073,0.0504319742
3289.9407342827,0.0503919274
3290.9049607582,0.0503522046
3291.8691872337,0.0503126234
3292.8334137091,0.0502731837
3293.7976401846,0.0502340980
3294.7618666601,0.0501955599
3295.7260931355,0.0501575619
3296.6903196110,0.0501199439
3297.6545460864,0.0500824675
3298.6187725619,0.0500449650
3299.5829990374,0.0500073060
3300.5472255128,0.0499692783
3301.5114519883,0.0499306172
3302.4756784638,0.0498911887
3303.4399049392,0.0498512946
3304.4041314147,0.0498116091
3305.3683578902,0.0497729704
3306.3325843656,0.0497359112
3307.2968108411,0.0497003943
3308.2610373165,0.0496659540
3309.2252637920,0.0496320389
3310.1894902675,0.0495983064
3311.1537167429,0.0495646819
3312.1179432184,0.0495311171
3313.0821696939,0.0494975224
3314.0463961693,0.0494636595
3315.0106226448,0.0494294390
3315.9748491203,0.0493950993
3316.9390755957,0.0493612140
3317.9033020712,0.0493284091
3318.8675285466,0.0492971316
3319.8317550221,0.0492672548
3320.7959814976,0.0492381491
3321.7602079730,0.0492089316
3322.7244344485,0.0491788723
3323.6886609240,0.0491477512
3324.6528873994,0.0491159260
3325.6171138749,0.0490840152
3326.5813403504,0.0490525663
3327.5455668258,0.0490217432
3328.5097933013,0.0489914045
3329.4740197768,0.0489612743
3330.4382462522,0.0489312336
3331.4024727277,0.0489013568
3332.3666992031,0.0488718450
3333.3309256786,0.0488428175
3334.2951521541,0.0488142744
3335.2593786295,0.0487861037
3336.2236051050,0.0487582609
3337.1878315805,0.0487307087
3338.1520580559,0.0487033837
3339.1162845314,0.0486761034
3340.0805110069,0.0486486480
3341.0447374823,0.0486209430
3342.0089639578,0.0485931411
3342.9731904332,0.0485655926
3343.9374169087,0.0485385805
3344.9016433842,0.0485120863
3345.8658698596,0.0484857149
3346.8300963351,0.0484590083
3347.7943228106,0.0484317578
3348.7585492860,0.0484041832
3349.7227757615,0.0483766608
3350.6870022370,0.0483493395
3351.6512287124,0.0483219177
3352.6154551879,0.0482939631
3353.5796816633,0.0482653081
3354.5439081388,0.0482362956
3355.5081346143,0.0482074991
3356.4723610897,0.0481792465
3357.4365875652,0.0481513366
3358.4008140407,0.0481232889
3359.3650405161,0.0480947606
3360.3292669916,0.0480658151
3361.2934934671,0.0480367132
3362.2577199425,0.0480076820
3363.2219464180,0.0479787290
3364.1861728935,0.0479497574
3365.1503993689,0.0479207039
3366.1146258444,0.0478915721
3367.0788523198,0.0478623882
3368.0430787953,0.0478330962
3369.0073052708,0.0478036329
3369.9715317462,0.0477739573
3370.9357582217,0.0477441549
3371.8999846972,0.0477143824
3372.8642111726,0.0476847515
3373.8284376481,0.0476552285
3374.7926641236,0.0476256348
3375.7568905990,0.0475957692
3376.7211170745,0.0475655198
3377.6853435499,0.0475349054
3378.6495700254,0.0475040227
3379.6137965009,0.0474728160
3380.5780229763,0.0474411622
3381.5422494518,0.0474088229
3382.5064759273,0.0473756939
3383.4707024027,0.0473418087
3384.4349288782,0.0473073572
3385.3991553537,0.0472725481
3386.3633818291,0.0472374931
3387.3276083046,0.0472021028
3388.2918347800,0.0471662134
3389.2560612555,0.0471297354
3390.2202877310,0.0470928475
3391.1845142064,0.0470559448
3392.1487406819,0.0470193289
3393.1129671574,0.0469829813
3394.0771936328,0.0469466038
3395.0414201083,0.0469099246
3396.0056465838,0.0468730032
3396.9698730592,0.0468363091
3397.9340995347,0.0468005389
3398.8983260102,0.0467663258
3399.8625524856,0.0467341617
3400.8267789611,0.0467043817
3401.7910054365,0.0466771945
3402.7552319120,0.0466525331
3403.7194583875,0.0466299355
3404.6836848629,0.0466085523
3405.6479113384,0.0465873964
3406.6121378139,0.0465657264
3407.5763642893,0.0465433337
3408.5405907648,0.0465205200
3409.5048172403,0.0464977995
3410.4690437157,0.0464754440
3411.4332701912,0.0464533567
3412.3974966666,0.0464310795
3413.3617231421,0.0464080721
3414.3259496176,0.0463838652
3415.2901760930,0.0463582128
3416.2544025685,0.0463311411
3417.2186290440,0.0463030189
3418.1828555194,0.0462744832
3419.1470819949,0.0462462604
3420.1113084704,0.0462188944
3421.0755349458,0.0461925045
3422.0397614213,0.0461668149
3423.0039878967,0.0461412519
3423.9682143722,0.0461152196
3424.9324408477,0.0460883081
3425.8966673231,0.0460604578
3426.8608937986,0.0460320413
3427.8251202741,0.0460036583
3428.7893467495,0.0459758937
3429.7535732250,0.0459489934
3430.7177997005,0.0459227934
3431.6820261759,0.0458967872
3432.6462526514,0.0458704382
3433.6104791268,0.0458434448
3434.5747056023,0.0458159409
3435.5389320778,0.0457883626
3436.5031585532,0.0457612462
3437.4673850287,0.0457348861
3438.4316115042,0.0457093157
3439.3958379796,0.0456844047
3440.3600644551,0.0456600972
3441.3242909306,0.0456363820
3442.2885174060,0.0456131548
3443.2527438815,0.0455901586
3444.2169703570,0.0455671996
3445.1811968324,0.0455444120
3446.1454233079,0.0455222800
3447.1096497833,0.0455012769
3448.0738762588,0.0454815142
3449.0381027343,0.0454625636
3450.0023292097,0.0454436988
3450.9665556852,0.0454242826
3451.9307821607,0.0454040095
3452.8950086361,0.0453828871
3453.8592351116,0.0453610644
3454.8234615871,0.0453387313
3455.7876880625,0.0453160852
3456.7519145380,0.0452933013
3457.7161410134,0.0452705100
3458.6803674889,0.0452478006
3459.6445939644,0.0452253073
3460.6088204398,0.0452031977
3461.5730469153,0.0451816320
3462.5372733908,0.0451605581
3463.5014998662,0.0451396927
3464.4657263417,0.0451186933
3465.4299528172,0.0450973511
3466.3941792926,0.0450757816
3467.3584057681,0.0450542495
3468.3226322435,0.0450329259
3469.2868587190,0.0450117514
3470.2510851945,0.0449905284
3471.2153116699,0.0449692160
3472.1795381454,0.0449479818
3473.1437646209,0.0449271351
3474.1079910963,0.0449068844
3475.0722175718,0.0448871404
3476.0364440473,0.0448676124
3477.0006705227,0.0448480323
3477.9648969982,0.0448283590
3478.9291234737,0.0448089167
3479.8933499491,0.0447902232
3480.8575764246,0.0447727032
3481.8218029000,0.0447563455
3482.7860293755,0.0447407030
3483.7502558510,0.0447250977
3484.7144823264,0.0447090380
3485.6787088019,0.0446925089
3486.6429352774,0.0446758866
3487.6071617528,0.0446596593
3488.5713882283,0.0446441546
3489.5356147038,0.0446293280
3490.4998411792,0.0446148962
3491.4640676547,0.0446004570
3492.4282941301,0.0445857272
3493.3925206056,0.0445706919
3494.3567470811,0.0445556194
3495.3209735565,0.0445409343
3496.2852000320,0.0445269234
3497.2494265075,0.0445133820
3498.2136529829,0.0444996431
3499.1778794584,0.0444848686
3500.1421059339,0.0444687381
3501.1063324093,0.0444517136
3502.0705588848,0.0444349349
3503.0347853602,0.0444194861
3503.9990118357,0.0444056988
3504.9632383112,0.0443928540
3505.9274647866,0.0443797410
3506.8916912621,0.0443653613
3507.8559177376,0.0443495400
3508.8201442130,0.0443328433
3509.7843706885,0.0443160497
3510.7485971640,0.0442995913
3511.7128236394,0.0442833230
3512.6770501149,0.0442667156
3513.6412765904,0.0442494228
3514.6055030658,0.0442316309
3515.5697295413,0.0442140475
3516.5339560167,0.0441973805
3517.4981824922,0.0441818051
3518.4624089677,0.0441668183
3519.4266354431,0.0441516191
3520.3908619186,0.0441357717
3521.3550883941,0.0441196635
3522.3193148695,0.0441042408
3523.2835413450,0.0440904051
3524.2477678205,0.0440784357
3525.2119942959,0.0440679565
3526.1762207714,0.0440582484
3527.1404472468,0.0440487936
3528.1046737223,0.0440394916
3529.0689001978,0.0440305211
3530.0331266732,0.0440219268
3530.9973531487,0.0440133028
3531.9615796242,0.0440037623
3532.9258060996,0.0439923815
3533.8900325751,0.0439787917
3534.8542590506,0.0439635739
3535.8184855260,0.0439480022
3536.7827120015,0.0439333282
3537.7469384769,0.0439200327
3538.7111649524,0.0439075008
3539.6753914279,0.0438944288
3540.6396179033,0.0438796058
3541.6038443788,0.0438624471
3542.5680708543,0.0438432321
3543.5322973297,0.0438230522
3544.4965238052,0.0438034832
3545.4607502807,0.0437860861
3546.4249767561,0.0437717512
3547.3892032316,0.0437601060
3548.3534297071,0.0437496305
3549.3176561825,0.0437385663
3550.2818826580,0.0437260345
3551.2461091334,0.0437125303
3552.2103356089,0.0436993465
3553.1745620844,0.0436874107
3554.1387885598,0.0436765775
3555.1030150353,0.0436657667
3556.0672415108,0.0436538011
3557.0314679862,0.0436400697
3557.9956944617,0.0436246246
3558.9599209372,0.0436078906
3559.9241474126,0.0435902029
3560.8883738881,0.0435713455
3561.8526003635,0.0435504615
3562.8168268390,0.0435264707
3563.7810533145,0.0434991196
3564.7452797899,0.0434700772
3565.7095062654,0.0434431881
3566.6737327409,0.0434230082
3567.6379592163,0.0434123799
3568.6021856918,0.0434105247
3569.5664121673,0.0434131585
3570.5306386427,0.0434147269
3571.4948651182,0.0434111953
3572.4590915936,0.0434015840
3573.4233180691,0.0433874205
3574.3875445446,0.0433710665
3575.3517710200,0.0433542430
3576.3159974955,0.0433376729
3577.2802239710,0.0433215126
3578.2444504464,0.0433058515
3579.2086769219,0.0432907939
3580.1729033974,0.0432760641
3581.1371298728,0.0432605371
3582.1013563483,0.0432421602
3583.0655828238,0.0432187170
3584.0298092992,0.0431892052
3584.9940357747,0.0431554131
3585.9582622501,0.0431221798
3586.9224887256,0.0430956669
3587.8867152011,0.0430800915
3588.8509416765,0.0430750512
3589.8151681520,0.0430754870
3590.7793946275,0.0430745259
3591.7436211029,0.0430671573
3592.7078475784,0.0430526026
3593.6720740539,0.0430337638
3594.6363005293,0.0430148020
3595.6005270048,0.0429986119
3596.5647534802,0.0429857075
3597.5289799557,0.0429747961
3598.4932064312,0.0429642536
3599.4574329066,0.0429532230
3600.4216593821,0.0429417789
3601.3858858576,0.0429300852
3602.3501123330,0.0429173000
3603.3143388085,0.0429011956
3604.2785652840,0.0428791530
3605.2427917594,0.0428500623
3606.2070182349,0.0428158194
3607.1712447103,0.0427810252
3608.1354711858,0.0427508205
3609.0996976613,0.0427281521
3610.0639241367,0.0427125767
3611.0281506122,0.0427014343
3611.9923770877,0.0426919349
3612.9566035631,0.0426822826
3613.9208300386,0.0426709130
3614.8850565141,0.0426555797
3615.8492829895,0.0426343158
3616.8135094650,0.0426079147
3617.7777359404,0.0425813422
3618.7419624159,0.0425617844
3619.7061888914,0.0425541662
3620.6704153668,0.0425578058
3621.6346418423,0.0425664186
3622.5988683178,0.0425709113
3623.5630947932,0.0425625332
3624.5273212687,0.0425353423
3625.4915477442,0.0424888618
3626.4557742196,0.0424303636
3627.4200006951,0.0423743874
3628.3842271706,0.0423370823
3629.3484536460,0.0423276685
3630.3126801215,0.0423429534
3631.2769065969,0.0423696861
3632.2411330724,0.0423931107
3633.2053595479,0.0424048454
3634.1695860233,0.0424047932
3635.1338124988,0.0423972383
3636.0980389743,0.0423860252
3637.0622654497,0.0423725992
3638.0264919252,0.0423570238
3638.9907184007,0.0423394740
3639.9549448761,0.0423205346
3640.9191713516,0.0423003957
3641.8833978270,0.0422779843
3642.8476243025,0.0422505587
3643.8118507780,0.0422142968
3644.7760772534,0.0421660841
3645.7403037289,0.0421062037
3646.7045302044,0.0420405567
3647.6687566798,0.0419803932
3648.6329831553,0.0419383720
3649.5972096308,0.0419222452
3650.5614361062,0.0419298373
3651.5256625817,0.0419489518
3652.4898890571,0.0419634804
3653.4541155326,0.0419623442
3654.4183420081,0.0419453755
3655.3825684835,0.0419218615
3656.3467949590,0.0419028737
3657.3110214345,0.0418934859
3658.2752479099,0.0418907143
3659.2394743854,0.0418875068
3660.2037008609,0.0418785028
3661.1679273363,0.0418626554
3662.1321538118,0.0418418348
3663.0963802873,0.0418176502
3664.0606067627,0.0417891890
3665.0248332382,0.0417527780
3665.9890597136,0.0417040884
3666.9532861891,0.0416421741
3667.9175126646,0.0415728763
3668.8817391400,0.0415077507
3669.8459656155,0.0414572731
3670.8101920910,0.0414226726
3671.7744185664,0.0413944200
3672.7386450419,0.0413603894
3673.7028715174,0.0413174480
3674.6670979928,0.0412756726
3675.6313244683,0.0412507504
3676.5955509437,0.0412510782
3677.5597774192,0.0412711650
3678.5240038947,0.0412961543
3679.4882303701,0.0413124487
3680.4524568456,0.0413145907
3681.4166833211,0.0413040593
3682.3809097965,0.0412831232
3683.3451362720,0.0412504748
3684.3093627475,0.0412022322
3685.2735892229,0.0411370955
3686.2378156984,0.0410610065
3687.2020421738,0.0409871861
3688.1662686493,0.0409305990
3689.1304951248,0.0409003831
3690.0947216002,0.0408950597
3691.0589480757,0.0409042686
3692.0231745512,0.0409151316
3692.9874010266,0.0409185812
3693.9516275021,0.0409116596
3694.9158539776,0.0408955924
3695.8800804530,0.0408726409
3696.8443069285,0.0408442765
3697.8085334040,0.0408111662
3698.7727598794,0.0407742709
3699.7369863549,0.0407357290
3700.7012128303,0.0406990014
3701.6654393058,0.0406674817
3702.6296657813,0.0406423062
3703.5938922567,0.0406208932
3704.5581187322,0.0405978784
3705.5223452077,0.0405678004
3706.4865716831,0.0405276418
3707.4507981586,0.0404774174
3708.4150246341,0.0404199958
3709.3792511095,0.0403610244
3710.3434775850,0.0403087065
3711.3077040604,0.0402714536
3712.2719305359,0.0402534306
3713.2361570114,0.0402512774
3714.2003834868,0.0402552560
3715.1646099623,0.0402544513
3716.1288364378,0.0402421653
3717.0930629132,0.0402175635
3718.0572893887,0.0401838012
3719.0215158642,0.0401451513
3719.9857423396,0.0401052535
3720.9499688151,0.0400663652
3721.9141952905,0.0400292873
3722.8784217660,0.0399937853
3723.8426482415,0.0399597064
3724.8068747169,0.0399277285
3725.7711011924,0.0398984477
3726.7353276679,0.0398704708
3727.6995541433,0.0398396775
3728.6637806188,0.0398012064
3729.6280070943,0.0397527963
3730.5922335697,0.0396965668
3731.5564600452,0.0396378040
3732.5206865207,0.0395820960
3733.4849129961,0.0395334288
3734.4491394716,0.0394942313
3735.4133659470,0.0394664258
3736.3775924225,0.0394512042
3737.3418188980,0.0394467190
3738.3060453734,0.0394449905
3739.2702718489,0.0394318178
3740.2344983244,0.0393923037
3741.1987247998,0.0393205285
3742.1629512753,0.0392267331
3743.1271777508,0.0391346216
3744.0914042262,0.0390680730
3745.0556307017,0.0390358195
3746.0198571771,0.0390259698
3746.9840836526,0.0390154198
3747.9483101281,0.0389870331
3748.9125366035,0.0389413089
3749.8767630790,0.0388942696
3750.8409895545,0.0388648733
3751.8052160299,0.0388621911
3752.7694425054,0.0388811454
3753.7336689809,0.0389072224
3754.6978954563,0.0389252827
3755.6621219318,0.0389264449
3756.6263484072,0.0389105082
3757.5905748827,0.0388839394
3758.5548013582,0.0388552658
3759.5190278336,0.0388302132
3760.4832543091,0.0388091877
3761.4474807846,0.0387884080
3762.4117072600,0.0387635045
3763.3759337355,0.0387327485
3764.3401602110,0.0386975110
3765.3043866864,0.0386602879
3766.2686131619,0.0386228077
3767.2328396374,0.0385860205
3768.1970661128,0.0385513976
3769.1612925883,0.0385213234
3770.1255190637,0.0384977981
3771.0897455392,0.0384804532
3772.0539720147,0.0384661406
3773.0181984901,0.0384502560
3773.9824249656,0.0384289622
3774.9466514411,0.0384005532
3775.9108779165,0.0383656770
3776.8751043920,0.0383270159
3777.8393308675,0.0382884368
3778.8035573429,0.0382536277
3779.7677838184,0.0382244065
3780.7320102938,0.0381997675
3781.6962367693,0.0381767265
3782.6604632448,0.0381524079
3783.6246897202,0.0381257981
3784.5889161957,0.0380978361
3785.5531426712,0.0380700305
3786.5173691466,0.0380430892
3787.4815956221,0.0380166657
3788.4458220976,0.0379900932
3789.4100485730,0.0379629359
3790.3742750485,0.0379347950
3791.3385015239,0.0379046798
3792.3027279994,0.0378711894
3793.2669544749,0.0378337875
3794.2311809503,0.0377937704
3795.1954074258,0.0377530940
3796.1596339013,0.0377115384
3797.1238603767,0.0376654342
3798.0880868522,0.0376107804
3799.0523133277,0.0375492312
3800.0165398031,0.0374905318
3800.9807662786,0.0374473259
3801.9449927540,0.0374252424
3802.9092192295,0.0374174602
3803.8734457050,0.0374097526
3804.8376721804,0.0373919159
3805.8018986559,0.0373652726
3806.7661251314,0.0373397768
3807.7303516068,0.0373241492
3808.6945780823,0.0373184793
3809.6588045578,0.0373142995
3810.6230310332,0.0373002216
3811.5872575087,0.0372679047
3812.5514839842,0.0372158438
3813.5157104596,0.0371507108
3814.4799369351,0.0370854400
3815.4441634105,0.0370331407
3816.4083898860,0.0369992852
3817.3726163615,0.0369783677
3818.3368428369,0.0369591340
3819.3010693124,0.0369344875
3820.2652957879,0.0369071886
3821.2295222633,0.0368858054
3822.1937487388,0.0368756205
3823.1579752143,0.0368733779
3824.1222016897,0.0368704870
3825.0864281652,0.0368601829
3826.0506546406,0.0368413478
3827.0148811161,0.0368164703
3827.9791075916,0.0367876589
3828.9433340670,0.0367552489
3829.9075605425,0.0367194191
3830.8717870180,0.0366812833
3831.8360134934,0.0366416872
3832.8002399689,0.0365991816
3833.7644664444,0.0365505517
3834.7286929198,0.0364945382
3835.6929193953,0.0364355594
3836.6571458707,0.0363835692
3837.6213723462,0.0363487899
3838.5855988217,0.0363350585
3839.5498252971,0.0363370925
3840.5140517726,0.0363440141
3841.4782782481,0.0363462418
3842.4425047235,0.0363401994
3843.4067311990,0.0363278985
3844.3709576745,0.0363127664
3845.3351841499,0.0362958461
3846.2994106254,0.0362744853
3847.2636371009,0.0362429917
3848.2278635763,0.0361940265
3849.1920900518,0.0361216068
3850.1563165272,0.0360259265
3851.1205430027,0.0359182432
3852.0847694782,0.0358205363
3853.0489959536,0.0357571915
3854.0132224291,0.0357423052
3854.9774489046,0.0357711688
3855.9416753800,0.0358226374
3856.9059018555,0.0358707458
3857.8701283310,0.0358972698
3858.8343548064,0.0358971283
3859.7985812819,0.0358752795
3860.7628077573,0.0358401611
3861.7270342328,0.0357992724
3862.6912607083,0.0357583240
3863.6554871837,0.0357211530
3864.6197136592,0.0356885605
3865.5839401347,0.0356574431
3866.5481666101,0.0356228128
3867.5123930856,0.0355824903
3868.4766195611,0.0355404206
3869.4408460365,0.0355046242
3870.4050725120,0.0354812071
3871.3692989874,0.0354696959
3872.3335254629,0.0354640782
3873.2977519384,0.0354577675
3874.2619784138,0.0354474597
3875.2262048893,0.0354324654
3876.1904313648,0.0354121104
3877.1546578402,0.0353850871
3878.1188843157,0.0353517011
3879.0831107912,0.0353153720
3880.0473372666,0.0352805369
3881.0115637421,0.0352486707
3881.9757902176,0.0352171510
3882.9400166930,0.0351827517
3883.9042431685,0.0351462513
3884.8684696439,0.0351127759
3885.8326961194,0.0350871868
3886.7969225949,0.0350690335
3887.7611490703,0.0350525156
3888.7253755458,0.0350314714
3889.6896020213,0.0350047871
3890.6538284967,0.0349770412
3891.6180549722,0.0349542201
3892.5822814477,0.0349383093
3893.5465079231,0.0349255726
3894.5107343986,0.0349091440
3895.4749608740,0.0348835662
3896.4391873495,0.0348477215
3897.4034138250,0.0348046049
3898.3676403004,0.0347590446
3899.3318667759,0.0347152315
3900.2960932514,0.0346756205
3901.2603197268,0.0346414000
3902.2245462023,0.0346134156
3903.1887726778,0.0345926173
3904.1529991532,0.0345792025
3905.1172256287,0.0345716327
3906.0814521041,0.0345663205
3907.0456785796,0.0345589072
3908.0099050551,0.0345462337
3908.9741315305,0.0345277190
3909.9383580060,0.0345048532
3910.9025844815,0.0344794691
3911.8668109569,0.0344521403
3912.8310374324,0.0344221145
3913.7952639079,0.0343885832
3914.7594903833,0.0343520939
3915.7237168588,0.0343148559
3916.6879433343,0.0342798121
3917.6521698097,0.0342491642
3918.6163962852,0.0342233330
3919.5806227606,0.0342009291
3920.5448492361,0.0341795906
3921.5090757116,0.0341571718
3922.4733021870,0.0341327675
3923.4375286625,0.0341068134
3924.4017551380,0.0340804979
3925.3659816134,0.0340546966
3926.3302080889,0.0340292715
3927.2944345644,0.0340032130
3928.2586610398,0.0339753777
3929.2228875153,0.0339454338
3930.1871139907,0.0339142941
3931.1513404662,0.0338837057
3932.1155669417,0.0338553190
3933.0797934171,0.0338297710
3934.0440198926,0.0338064656
3935.0082463681,0.0337839723
3935.9724728435,0.0337608494
3936.9366993190,0.0337360725
3937.9009257945,0.0337091759
3938.8651522699,0.0336801447
3939.8293787454,0.0336494669
3940.7936052208,0.0336181745
3941.7578316963,0.0335876420
3942.7220581718,0.0335588343
3943.6862846472,0.0335317403
3944.6505111227,0.0335053504
3945.6147375982,0.0334784165
3946.5789640736,0.0334503949
3947.5431905491,0.0334217958
3948.5074170246,0.0333937332
3949.4716435000,0.0333670378
3950.4358699755,0.0333417244
3951.4000964510,0.0333170108
3952.3643229264,0.0332919247
3953.3285494019,0.0332659408
3954.2927758773,0.0332390778
3955.2570023528,0.0332116783
3956.2212288283,0.0331839733
3957.1854553037,0.0331559181
3958.1496817792,0.0331273749
3959.1139082547,0.0330984257
3960.0781347301,0.0330695584
3961.0423612056,0.0330414176
3962.0065876811,0.0330143273
3962.9708141565,0.0329880416
3963.9350406320,0.0329618566
3964.8992671074,0.0329349674
3965.8634935829,0.0329070017
3966.8277200584,0.0328781381
3967.7919465338,0.0328489468
3968.7561730093,0.0328200310
3969.7203994848,0.0327916667
3970.6846259602,0.0327636525
3971.6488524357,0.0327354446
3972.6130789112,0.0327066034
3973.5773053866,0.0326770246
3974.5415318621,0.0326471217
3975.5057583375,0.0326176248
3976.4699848130,0.0325891450
3977.4342112885,0.0325617641
3978.3984377639,0.0325350240
3979.3626642394,0.0325081758
3980.3268907149,0.0324806832
3981.2911171903,0.0324524641
3982.2553436658,0.0324237868
3983.2195701413,0.0323950760
3984.1837966167,0.0323666185
3985.1480230922,0.0323385447
3986.1122495676,0.0323108211
3987.0764760431,0.0322833136
3988.0407025186,0.0322557762
3989.0049289940,0.0322279558
3989.9691554695,0.0321996771
3990.9333819450,0.0321709774
3991.8976084204,0.0321421251
3992.8618348959,0.0321134143
3993.8260613714,0.0320850685
3994.7902878468,0.0320571139
3995.7545143223,0.0320294537
3996.7187407978,0.0320019647
3997.6829672732,0.0319745690
3998.6471937487,0.0319471434
