999.9028550560,0.1876423657
1000.8670815315,0.1877556294
1001.8313080070,0.1878748238
1002.7955344824,0.1880003959
1003.7597609579,0.1881330311
1004.7239874333,0.1882718652
1005.6882139088,0.1884141713
1006.6524403843,0.1885560751
1007.6166668597,0.1886952370
1008.5808933352,0.1888311356
1009.5451198107,0.1889659017
1010.5093462861,0.1891033500
1011.4735727616,0.1892467737
1012.4377992371,0.1893967986
1013.4020257125,0.1895520985
1014.3662521880,0.1897103637
1015.3304786635,0.1898701042
1016.2947051389,0.1900296509
1017.2589316144,0.1901854128
1018.2231580898,0.1903322786
1019.1873845653,0.1904664189
1020.1516110408,0.1905882955
1021.1158375162,0.1907032132
1022.0800639917,0.1908184439
1023.0442904672,0.1909391135
1024.0085169426,0.1910674274
1024.9727434181,0.1912026554
1025.9369698936,0.1913439482
1026.9011963690,0.1914907694
1027.8654228445,0.1916439980
1028.8296493199,0.1918060929
1029.7938757954,0.1919816583
1030.7581022709,0.1921762824
1031.7223287463,0.1923958957
1032.6865552218,0.1926455200
1033.6507816973,0.1929311603
1034.6150081727,0.1932611018
1035.5792346482,0.1936466396
1036.5434611237,0.1940994114
1037.5076875991,0.1946244240
1038.4719140746,0.1952113211
1039.4361405500,0.1958262920
1040.4003670255,0.1964117736
1041.3645935010,0.1968972236
1042.3288199764,0.1972184926
1043.2930464519,0.1973376721
1044.2572729274,0.1972547323
1045.2214994028,0.1970039606
1046.1857258783,0.1966389716
1047.1499523538,0.1962140799
1048.1141788292,0.1957720518
1049.0784053047,0.1953409016
1050.0426317802,0.1949372739
1051.0068582556,0.1945720315
1051.9710847311,0.1942528635
1052.9353112065,0.1939838380
1053.8995376820,0.1937639862
1054.8637641575,0.1935873628
1055.8279906329,0.1934457421
1056.7922171084,0.1933303028
1057.7564435839,0.1932333857
1058.7206700593,0.1931490153
1059.6848965348,0.1930732280
1060.6491230103,0.1930047870
1061.6133494857,0.1929456443
1062.5775759612,0.1928986311
1063.5418024366,0.1928644329
1064.5060289121,0.1928396672
1065.4702553876,0.1928167343
1066.4344818630,0.1927880049
1067.3987083385,0.1927501261
1068.3629348140,0.1927060634
1069.3271612894,0.1926636249
1070.2913877649,0.1926309168
1071.2556142404,0.1926116347
1072.2198407158,0.1926027983
1073.1840671913,0.1925977618
1074.1482936667,0.1925913393
1075.1125201422,0.1925846934
1076.0767466177,0.1925851703
1077.0409730931,0.1926010251
1078.0051995686,0.1926359981
1078.9694260441,0.1926869750
1079.9336525195,0.1927482188
1080.8978789950,0.1928163320
1081.8621054705,0.1928930134
1082.8263319459,0.1929810494
1083.7905584214,0.1930792779
1084.7547848969,0.1931826919
1085.7190113723,0.1932862252
1086.6832378478,0.1933919936
1087.6474643232,0.1935093552
1088.6116907987,0.1936493367
1089.5759172742,0.1938176155
1090.5401437496,0.1940102130
1091.5043702251,0.1942176074
1092.4685967006,0.1944305599
1093.4328231760,0.1946454942
1094.3970496515,0.1948648989
1095.3612761270,0.1950938404
1096.3255026024,0.1953373402
1097.2897290779,0.1955983192
1098.2539555533,0.1958788782
1099.2181820288,0.1961815059
1100.1824085043,0.1965098530
1101.1466349797,0.1968668848
1102.1108614552,0.1972531080
1103.0750879307,0.1976653785
1104.0393144061,0.1980986446
1105.0035408816,0.1985493004
1105.9677673571,0.1990169585
1106.9319938325,0.1995061040
1107.8962203080,0.2000246495
1108.8604467834,0.2005834430
1109.8246732589,0.2011938095
1110.7888997344,0.2018637508
1111.7531262098,0.2025937438
1112.7173526853,0.2033752650
1113.6815791608,0.2041956931
1114.6458056362,0.2050459534
1115.6100321117,0.2059272230
1116.5742585872,0.2068510503
1117.5384850626,0.2078333199
1118.5027115381,0.2088863701
1119.4669380136,0.2100138813
1120.4311644890,0.2112131864
1121.3953909645,0.2124796212
1122.3596174399,0.2138118446
1123.3238439154,0.2152124792
1124.2880703909,0.2166865915
1125.2522968663,0.2182393521
1126.2165233418,0.2198733836
1127.1807498173,0.2215881348
1128.1449762927,0.2233803421
1129.1092027682,0.2252457142
1130.0734292437,0.2271813601
1131.0376557191,0.2291885465
1132.0018821946,0.2312716246
1132.9661086700,0.2334354669
1133.9303351455,0.2356817424
1134.8945616210,0.2380082905
1135.8587880964,0.2404128462
1136.8230145719,0.2428978086
1137.7872410474,0.2454714477
1138.7514675228,0.2481449395
1139.7156939983,0.2509256303
1140.6799204738,0.2538121939
1141.6441469492,0.2567931414
1142.6083734247,0.2598513067
1143.5725999001,0.2629686594
1144.5368263756,0.2661301196
1145.5010528511,0.2693228424
1146.4652793265,0.2725344300
1147.4295058020,0.2757553756
1148.3937322775,0.2789849937
1149.3579587529,0.2822389305
1150.3221852284,0.2855477035
1151.2864117039,0.2889505327
1152.2506381793,0.2924836874
1153.2148646548,0.2961749732
1154.1790911303,0.3000435531
1155.1433176057,0.3041028380
1156.1075440812,0.3083625734
1157.0717705566,0.3128284514
1158.0359970321,0.3175018430
1159.0002235076,0.3223810494
1159.9644499830,0.3274636269
1160.9286764585,0.3327492476
1161.8929029340,0.3382412493
1162.8571294094,0.3439471424
1163.8213558849,0.3498774767
1164.7855823604,0.3560447097
1165.7498088358,0.3624610603
1166.7140353113,0.3691381514
1167.6782617867,0.3760869503
1168.6424882622,0.3833172023
1169.6067147377,0.3908360898
1170.5709412131,0.3986474276
1171.5351676886,0.4067514837
1172.4993941641,0.4151438475
1173.4636206395,0.4238152504
1174.4278471150,0.4327509403
1175.3920735905,0.4419358671
1176.3563000659,0.4513609409
1177.3205265414,0.4610305130
1178.2847530168,0.4709622860
1179.2489794923,0.4811803401
1180.2132059678,0.4917053878
1181.1774324432,0.5025506020
1182.1416589187,0.5137240291
1183.1058853942,0.5252326727
1184.0701118696,0.5370835066
1185.0343383451,0.5492774844
1185.9985648206,0.5617999434
1186.9627912960,0.5746125579
1187.9270177715,0.5876502395
1188.8912442469,0.6008259654
1189.8554707224,0.6140395999
1190.8196971979,0.6271821260
1191.7839236733,0.6401374340
1192.7481501488,0.6527812481
1193.7123766243,0.6649857163
1194.6766030997,0.6766268015
1195.6408295752,0.6875922084
1196.6050560507,0.6977816820
1197.5692825261,0.7070997953
1198.5335090016,0.7154496908
1199.4977354771,0.7227357030
1200.4619619525,0.7288743258
1201.4261884280,0.7338057756
1202.3904149034,0.7374983430
1203.3546413789,0.7399438620
1204.3188678544,0.7411518097
1205.2830943298,0.7411446571
1206.2473208053,0.7399587035
1207.2115472808,0.7376445532
1208.1757737562,0.7342669368
1209.1400002317,0.7298990488
1210.1042267072,0.7246150970
1211.0684531826,0.7184838653
1212.0326796581,0.7115658522
1212.9969061335,0.7039156556
1213.9611326090,0.6955856085
1214.9253590845,0.6866305470
1215.8895855599,0.6771100760
1216.8538120354,0.6670889854
1217.8180385109,0.6566327214
1218.7822649863,0.6458003521
1219.7464914618,0.6346389651
1220.7107179373,0.6231850386
1221.6749444127,0.6114674211
1222.6391708882,0.5995147228
1223.6033973636,0.5873593092
1224.5676238391,0.5750368237
1225.5318503146,0.5625822544
1226.4960767900,0.5500264168
1227.4603032655,0.5373950005
1228.4245297410,0.5247072577
1229.3887562164,0.5119799972
1230.3529826919,0.4992311299
1231.3172091674,0.4864823520
1232.2814356428,0.4737595320
1233.2456621183,0.4610906243
1234.2098885938,0.4485006928
1235.1741150692,0.4360105097
1236.1383415447,0.4236389995
1237.1025680201,0.4114030600
1238.0667944956,0.3993197978
1239.0310209711,0.3874053657
1239.9952474465,0.3756755590
1240.9594739220,0.3641459942
1241.9237003975,0.3528339565
1242.8879268729,0.3417589366
1243.8521533484,0.3309416473
1244.8163798239,0.3204010725
1245.7806062993,0.3101527095
1246.7448327748,0.3002075553
1247.7090592502,0.2905727029
1248.6732857257,0.2812533677
1249.6375122012,0.2722536623
1250.6017386766,0.2635776997
1251.5659651521,0.2552282214
1252.5301916276,0.2472070456
1253.4944181030,0.2395134121
1254.4586445785,0.2321441174
1255.4228710540,0.2250934690
1256.3870975294,0.2183524519
1257.3513240049,0.2119091898
1258.3155504803,0.2057488412
1259.2797769558,0.1998546124
1260.2440034313,0.1942095906
1261.2082299067,0.1887981445
1262.1724563822,0.1836069077
1263.1366828577,0.1786247939
1264.1009093331,0.1738434732
1265.0651358086,0.1692564785
1266.0293622841,0.1648581028
1266.9935887595,0.1606427878
1267.9578152350,0.1566052288
1268.9220417105,0.1527402550
1269.8862681859,0.1490420401
1270.8504946614,0.1455044448
1271.8147211368,0.1421201676
1272.7789476123,0.1388804317
1273.7431740878,0.1357764453
1274.7074005632,0.1328002065
1275.6716270387,0.1299447566
1276.6358535142,0.1272045523
1277.6000799896,0.1245743111
1278.5643064651,0.1220485568
1279.5285329406,0.1196219921
1280.4927594160,0.1172893047
1281.4569858915,0.1150460318
1282.4212123669,0.1128880307
1283.3854388424,0.1108113527
1284.3496653179,0.1088130325
1285.3138917933,0.1068905443
1286.2781182688,0.1050410420
1287.2423447443,0.1032616273
1288.2065712197,0.1015485749
1289.1707976952,0.0998977274
1290.1350241707,0.0983065665
1291.0992506461,0.0967733189
1292.0634771216,0.0952973962
1293.0277035970,0.0938774943
1293.9919300725,0.0925106853
1294.9561565480,0.0911926404
1295.9203830234,0.0899181366
1296.8846094989,0.0886828154
1297.8488359744,0.0874833986
1298.8130624498,0.0863183141
1299.7772889253,0.0851870626
1300.7415154008,0.0840900987
1301.7057418762,0.0830283314
1302.6699683517,0.0820038319
1303.6341948272,0.0810192302
1304.5984213026,0.0800758302
1305.5626477781,0.0791724026
1306.5268742535,0.0783041120
1307.4911007290,0.0774642229
1308.4553272045,0.0766480938
1309.4195536799,0.0758543685
1310.3837801554,0.0750856623
1311.3480066309,0.0743444189
1312.3122331063,0.0736307576
1313.2764595818,0.0729420260
1314.2406860573,0.0722751692
1315.2049125327,0.0716291517
1316.1691390082,0.0710054338
1317.1333654836,0.0704064444
1318.0975919591,0.0698333308
1319.0618184346,0.0692844093
1320.0260449100,0.0687560141
1320.9902713855,0.0682447702
1321.9544978610,0.0677482262
1322.9187243364,0.0672660023
1323.8829508119,0.0667977110
1324.8471772874,0.0663422346
1325.8114037628,0.0658976883
1326.7756302383,0.0654615685
1327.7398567137,0.0650328100
1328.7040831892,0.0646111667
1329.6683096647,0.0641976446
1330.6325361401,0.0637937486
1331.5967626156,0.0634021237
1332.5609890911,0.0630261153
1333.5252155665,0.0626685843
1334.4894420420,0.0623298399
1335.4536685175,0.0620079935
1336.4178949929,0.0616991222
1337.3821214684,0.0614006408
1338.3463479439,0.0611130893
1339.3105744193,0.0608379394
1340.2748008948,0.0605769493
1341.2390273702,0.0603310503
1342.2032538457,0.0600997023
1343.1674803212,0.0598824173
1344.1317067966,0.0596770309
1345.0959332721,0.0594823956
1346.0601597476,0.0592967533
1347.0243862230,0.0591192283
1347.9886126985,0.0589491539
1348.9528391740,0.0587867685
1349.9170656494,0.0586332083
1350.8812921249,0.0584898926
1351.8455186003,0.0583586767
1352.8097450758,0.0582408495
1353.7739715513,0.0581367835
1354.7381980267,0.0580464154
1355.7024245022,0.0579691678
1356.6666509777,0.0579048023
1357.6308774531,0.0578523017
1358.5951039286,0.0578095689
1359.5593304041,0.0577728450
1360.5235568795,0.0577359721
1361.4877833550,0.0576913282
1362.4520098304,0.0576333292
1363.4162363059,0.0575580485
1364.3804627814,0.0574661158
1365.3446892568,0.0573592819
1366.3089157323,0.0572423451
1367.2731422078,0.0571192987
1368.2373686832,0.0569936298
1369.2015951587,0.0568672605
1370.1658216342,0.0567396618
1371.1300481096,0.0566079989
1372.0942745851,0.0564678274
1373.0585010605,0.0563170314
1374.0227275360,0.0561575964
1374.9869540115,0.0559967197
1375.9511804869,0.0558438227
1376.9154069624,0.0557060428
1377.8796334379,0.0555865504
1378.8438599133,0.0554838851
1379.8080863888,0.0553962141
1380.7723128643,0.0553228743
1381.7365393397,0.0552635454
1382.7007658152,0.0552190691
1383.6649922907,0.0551900566
1384.6292187661,0.0551772118
1385.5934452416,0.0551780052
1386.5576717170,0.0551898181
1387.5218981925,0.0552062504
1388.4861246680,0.0552244186
1389.4503511434,0.0552435853
1390.4145776189,0.0552671924
1391.3788040944,0.0552989431
1392.3430305698,0.0553416647
1393.3072570453,0.0553952716
1394.2714835208,0.0554569438
1395.2357099962,0.0555257127
1396.1999364717,0.0556002893
1397.1641629471,0.0556797646
1398.1283894226,0.0557638183
1399.0926158981,0.0558505356
1400.0568423735,0.0559384450
1401.0210688490,0.0560304709
1401.9852953245,0.0561325885
1402.9495217999,0.0562481061
1403.9137482754,0.0563787445
1404.8779747509,0.0565221012
1405.8422012263,0.0566756241
1406.8064277018,0.0568377264
1407.7706541772,0.0570083298
1408.7348806527,0.0571868569
1409.6991071282,0.0573743172
1410.6633336036,0.0575708747
1411.6275600791,0.0577760078
1412.5917865546,0.0579886921
1413.5560130300,0.0582073703
1414.5202395055,0.0584316105
1415.4844659810,0.0586627796
1416.4486924564,0.0589069054
1417.4129189319,0.0591659136
1418.3771454074,0.0594347231
1419.3413718828,0.0597098507
1420.3055983583,0.0599841364
1421.2698248337,0.0602602959
1422.2340513092,0.0605377592
1423.1982777847,0.0608197749
1424.1625042601,0.0611013807
1425.1267307356,0.0613813810
1426.0909572111,0.0616610199
1427.0551836865,0.0619438589
1428.0194101620,0.0622325577
1428.9836366375,0.0625257865
1429.9478631129,0.0628219023
1430.9120895884,0.0631182790
1431.8763160638,0.0634154528
1432.8405425393,0.0637165233
1433.8047690148,0.0640275255
1434.7689954902,0.0643493384
1435.7332219657,0.0646826625
1436.6974484412,0.0650182217
1437.6616749166,0.0653518513
1438.6259013921,0.0656828135
1439.5901278676,0.0660183057
1440.5543543430,0.0663589686
1441.5185808185,0.0667085722
1442.4828072939,0.0670661554
1443.4470337694,0.0674307123
1444.4112602449,0.0678019598
1445.3754867203,0.0681785867
1446.3397131958,0.0685602129
1447.3039396713,0.0689448342
1448.2681661467,0.0693309903
1449.2323926222,0.0697164461
1450.1966190977,0.0700978115
1451.1608455731,0.0704691261
1452.1250720486,0.0708269253
1453.0892985241,0.0711718500
1454.0535249995,0.0715139881
1455.0177514750,0.0718610138
1455.9819779504,0.0722108483
1456.9462044259,0.0725659877
1457.9104309014,0.0729177147
1458.8746573768,0.0732726976
1459.8388838523,0.0736308768
1460.8031103278,0.0740016103
1461.7673368032,0.0743867829
1462.7315632787,0.0747807324
1463.6957897542,0.0751753077
1464.6600162296,0.0755599588
1465.6242427051,0.0759205297
1466.5884691805,0.0762507915
1467.5526956560,0.0765486956
1468.5169221315,0.0768220946
1469.4811486069,0.0770798028
1470.4453750824,0.0773338899
1471.4096015579,0.0775881261
1472.3738280333,0.0778389499
1473.3380545088,0.0780842826
1474.3022809843,0.0783174410
1475.2665074597,0.0785406455
1476.2307339352,0.0787535086
1477.1949604106,0.0789627507
1478.1591868861,0.0791696981
1479.1234133616,0.0793784261
1480.0876398370,0.0795892105
1481.0518663125,0.0797989219
1482.0160927880,0.0800056159
1482.9803192634,0.0802093595
1483.9445457389,0.0804135725
1484.9087722144,0.0806213990
1485.8729986898,0.0808321983
1486.8372251653,0.0810458139
1487.8014516408,0.0812588483
1488.7656781162,0.0814682692
1489.7299045917,0.0816738829
1490.6941310671,0.0818739086
1491.6583575426,0.0820681155
1492.6225840181,0.0822618157
1493.5868104935,0.0824603960
1494.5510369690,0.0826657638
1495.5152634445,0.0828741416
1496.4794899199,0.0830783844
1497.4437163954,0.0832782760
1498.4079428709,0.0834747106
1499.3721693463,0.0836739093
1500.3363958218,0.0838757008
1501.3006222972,0.0840831548
1502.2648487727,0.0842982829
1503.2290752482,0.0845255256
1504.1933017236,0.0847608522
1505.1575281991,0.0850046128
1506.1217546746,0.0852385610
1507.0859811500,0.0854527801
1508.0502076255,0.0856489688
1509.0144341010,0.0858378410
1509.9786605764,0.0860354081
1510.9428870519,0.0862382427
1511.9071135273,0.0864461288
1512.8713400028,0.0866525993
1513.8355664783,0.0868552178
1514.7997929537,0.0870549232
1515.7640194292,0.0872531459
1516.7282459047,0.0874476209
1517.6924723801,0.0876369849
1518.6566988556,0.0878255516
1519.6209253311,0.0880146697
1520.5851518065,0.0881991833
1521.5493782820,0.0883774534
1522.5136047575,0.0885453001
1523.4778312329,0.0887097120
1524.4420577084,0.0888714865
1525.4062841838,0.0890329778
1526.3705106593,0.0891903564
1527.3347371348,0.0893387049
1528.2989636102,0.0894805416
1529.2631900857,0.0896168053
1530.2274165612,0.0897521451
1531.1916430366,0.0898868665
1532.1558695121,0.0900207087
1533.1200959876,0.0901476741
1534.0843224630,0.0902623087
1535.0485489385,0.0903650597
1536.0127754139,0.0904643536
1536.9770018894,0.0905654579
1537.9412283649,0.0906740874
1538.9054548403,0.0907783657
1539.8696813158,0.0908647403
1540.8339077913,0.0909326151
1541.7981342667,0.0909851491
1542.7623607422,0.0910228193
1543.7265872177,0.0910524726
1544.6908136931,0.0910776332
1545.6550401686,0.0910947472
1546.6192666440,0.0911097825
1547.5834931195,0.0911260620
1548.5477195950,0.0911406875
1549.5119460704,0.0911507457
1550.4761725459,0.0911525711
1551.4403990214,0.0911481306
1552.4046254968,0.0911406875
1553.3688519723,0.0911288783
1554.3330784478,0.0911136791
1555.2973049232,0.0910921916
1556.2615313987,0.0910735428
1557.2257578741,0.0910574868
1558.1899843496,0.0910314694
1559.1542108251,0.0909887627
1560.1184373005,0.0909152254
1561.0826637760,0.0908238962
1562.0468902515,0.0907193124
1563.0111167269,0.0906182081
1563.9753432024,0.0905226991
1564.9395696779,0.0904225260
1565.9037961533,0.0903164223
1566.8680226288,0.0902033001
1567.8322491043,0.0900857747
1568.7964755797,0.0899603218
1569.7607020552,0.0898251981
1570.7249285306,0.0896769091
1571.6891550061,0.0895198956
1572.6533814816,0.0893584788
1573.6176079570,0.0891994834
1574.5818344325,0.0890361816
1575.5460609080,0.0888652280
1576.5102873834,0.0886741802
1577.4745138589,0.0884666219
1578.4387403344,0.0882463455
1579.4029668098,0.0880238637
1580.3671932853,0.0878023580
1581.3314197607,0.0875741169
1582.2956462362,0.0873369798
1583.2598727117,0.0870901644
1584.2240991871,0.0868356451
1585.1883256626,0.0865751207
1586.1525521381,0.0863088444
1587.1167786135,0.0860367045
1588.0810050890,0.0857579485
1589.0452315645,0.0854725093
1590.0094580399,0.0851814225
1590.9736845154,0.0848867893
1591.9379109908,0.0845900625
1592.9021374663,0.0842917413
1593.8663639418,0.0839912444
1594.8305904172,0.0836883411
1595.7948168927,0.0833838359
1596.7590433682,0.0830790773
1597.7232698436,0.0827747136
1598.6874963191,0.0824702829
1599.6517227946,0.0821649134
1600.6159492700,0.0818583742
1601.5801757455,0.0815512463
1602.5444022210,0.0812449530
1603.5086286964,0.0809404105
1604.4728551719,0.0806378871
1605.4370816473,0.0803375691
1606.4013081228,0.0800395384
1607.3655345983,0.0797440782
1608.3297610737,0.0794509053
1609.2939875492,0.0791588277
1610.2582140247,0.0788662359
1611.2224405001,0.0785713866
1612.1866669756,0.0782747269
1613.1508934511,0.0779800937
1614.1151199265,0.0776920691
1615.0793464020,0.0774065852
1616.0435728774,0.0771216899
1617.0077993529,0.0768254623
1617.9720258284,0.0765197054
1618.9362523038,0.0762092024
1619.9004787793,0.0759052336
1620.8647052548,0.0756102949
1621.8289317302,0.0753160492
1622.7931582057,0.0750129521
1623.7573846812,0.0746967271
1624.7216111566,0.0743671209
1625.6858376321,0.0740290806
1626.6500641075,0.0736848637
1627.6142905830,0.0733354911
1628.5785170585,0.0729798153
1629.5427435339,0.0726164132
1630.5069700094,0.0722468942
1631.4711964849,0.0718737170
1632.4354229603,0.0715009272
1633.3996494358,0.0711263493
1634.3638759113,0.0707507879
1635.3281023867,0.0703620613
1636.2923288622,0.0699548572
1637.2565553377,0.0695313588
1638.2207818131,0.0691015646
1639.1850082886,0.0686781108
1640.1492347640,0.0682587922
1641.1134612395,0.0678436905
1642.0776877150,0.0674294755
1643.0419141904,0.0670179427
1644.0061406659,0.0666109398
1644.9703671414,0.0662044361
1645.9345936168,0.0657985210
1646.8988200923,0.0653849766
1647.8630465678,0.0649636239
1648.8272730432,0.0645420551
1649.7914995187,0.0641319305
1650.7557259941,0.0637431741
1651.7199524696,0.0633688197
1652.6841789451,0.0629863441
1653.6484054205,0.0625906587
1654.6126318960,0.0621791147
1655.5768583715,0.0617761686
1656.5410848469,0.0613811724
1657.5053113224,0.0610013343
1658.4695377979,0.0606281124
1659.4337642733,0.0602541082
1660.3979907488,0.0598816164
1661.3622172242,0.0595160015
1662.3264436997,0.0591570474
1663.2906701752,0.0588030964
1664.2548966506,0.0584532879
1665.2191231261,0.0581095889
1666.1833496016,0.0577754751
1667.1475760770,0.0574519597
1668.1118025525,0.0571355969
1669.0760290280,0.0568188429
1670.0402555034,0.0564994588
1671.0044819789,0.0561772175
1671.9687084544,0.0558590107
1672.9329349298,0.0555490106
1673.8971614053,0.0552473478
1674.8613878807,0.0549497679
1675.8256143562,0.0546500161
1676.7898408317,0.0543502383
1677.7540673071,0.0540525094
1678.7182937826,0.0537613444
1679.6825202581,0.0534756444
1680.6467467335,0.0531948134
1681.6109732090,0.0529230535
1682.5751996845,0.0526579209
1683.5394261599,0.0524016246
1684.5036526354,0.0521365777
1685.4678791108,0.0518585965
1686.4321055863,0.0515703261
1687.3963320618,0.0512894727
1688.3605585372,0.0510155819
1689.3247850127,0.0507518426
1690.2890114882,0.0504923351
1691.2532379636,0.0502343215
1692.2174644391,0.0499850847
1693.1816909146,0.0497495495
1694.1459173900,0.0495318063
1695.1101438655,0.0493178293
1696.0743703409,0.0490935817
1697.0385968164,0.0488634221
1698.0028232919,0.0486372076
1698.9670497673,0.0484220758
1699.9312762428,0.0482119992
1700.8955027183,0.0479934104
1701.8597291937,0.0477599315
1702.8239556692,0.0475216135
1703.7881821447,0.0472919121
1704.7524086201,0.0470670052
1705.7166350956,0.0468437709
1706.6808615711,0.0466184579
1707.6450880465,0.0463911332
1708.6093145220,0.0461646207
1709.5735409974,0.0459391437
1710.5377674729,0.0457116850
1711.5019939484,0.0454831682
1712.4662204238,0.0452545136
1713.4304468993,0.0450309739
1714.3946733748,0.0448122844
1715.3588998502,0.0446039736
1716.3231263257,0.0443996079
1717.2873528012,0.0441901200
1718.2515792766,0.0439702198
1719.2158057521,0.0437371768
1720.1800322275,0.0435015410
1721.1442587030,0.0432655774
1722.1084851785,0.0430381410
1723.0727116539,0.0428193957
1724.0369381294,0.0426063277
1725.0011646049,0.0423975624
1725.9653910803,0.0421918631
1726.9296175558,0.0419873707
1727.8938440313,0.0417828336
1728.8580705067,0.0415776521
1729.8222969822,0.0413725115
1730.7865234576,0.0411687791
1731.7507499331,0.0409733579
1732.7149764086,0.0407814682
1733.6792028840,0.0405825302
1734.6434293595,0.0403740220
1735.6076558350,0.0401566997
1736.5718823104,0.0399469510
1737.5361087859,0.0397479683
1738.5003352614,0.0395626277
1739.4645617368,0.0393807441
1740.4287882123,0.0391944572
1741.3930146877,0.0390025862
1742.3572411632,0.0388067514
1743.3214676387,0.0386109799
1744.2856941141,0.0384172164
1745.2499205896,0.0382260829
1746.2141470651,0.0380390510
1747.1783735405,0.0378559642
1748.1426000160,0.0376791395
1749.1068264915,0.0375077166
1750.0710529669,0.0373384543
1751.0352794424,0.0371689722
1751.9995059179,0.0369945690
1752.9637323933,0.0368137248
1753.9279588688,0.0366310142
1754.8921853442,0.0364509150
1755.8564118197,0.0362723246
1756.8206382952,0.0360934436
1757.7848647706,0.0359129757
1758.7490912461,0.0357330032
1759.7133177216,0.0355559438
1760.6775441970,0.0353803635
1761.6417706725,0.0352037288
1762.6059971480,0.0350225084
1763.5702236234,0.0348398201
1764.5344500989,0.0346588902
1765.4986765743,0.0344841182
1766.4629030498,0.0343146548
1767.4271295253,0.0341462381
1768.3913560007,0.0339748636
1769.3555824762,0.0338044502
1770.3198089517,0.0336390845
1771.2840354271,0.0334782265
1772.2482619026,0.0333189666
1773.2124883781,0.0331537575
1774.1767148535,0.0329840556
1775.1409413290,0.0328109898
1776.1051678044,0.0326402262
1777.0693942799,0.0324723721
1778.0336207554,0.0323033556
1778.9978472308,0.0321330987
1779.9620737063,0.0319638252
1780.9263001818,0.0317989364
1781.8905266572,0.0316415429
1782.8547531327,0.0314924419
1783.8189796082,0.0313486829
1784.7832060836,0.0312053598
1785.7474325591,0.0310587194
1786.7116590346,0.0309079308
1787.6758855100,0.0307560004
1788.6401119855,0.0306050945
1789.6043384609,0.0304574631
1790.5685649364,0.0303095188
1791.5327914119,0.0301604625
1792.4970178873,0.0300050210
1793.4612443628,0.0298440047
1794.4254708383,0.0296806935
1795.3896973137,0.0295217391
1796.3539237892,0.0293671899
1797.3181502647,0.0292173475
1798.2823767401,0.0290692188
1799.2466032156,0.0289213601
1800.2108296910,0.0287730545
1801.1750561665,0.0286244676
1802.1392826420,0.0284763463
1803.1035091174,0.0283294916
1804.0677355929,0.0281848684
1805.0319620684,0.0280412044
1805.9961885438,0.0278987475
1806.9604150193,0.0277574137
1807.9246414948,0.0276180562
1808.8888679702,0.0274811983
1809.8530944457,0.0273469742
1810.8173209211,0.0272141974
1811.7815473966,0.0270812139
1812.7457738721,0.0269468371
1813.7100003475,0.0268105771
1814.6742268230,0.0266727060
1815.6384532985,0.0265337788
1816.6026797739,0.0263951160
1817.5669062494,0.0262580663
1818.5311327249,0.0261235312
1819.4953592003,0.0259917062
1820.4595856758,0.0258617066
1821.4238121513,0.0257342160
1822.3880386267,0.0256097857
1823.3522651022,0.0254893694
1824.3164915776,0.0253700856
1825.2807180531,0.0252477601
1826.2449445286,0.0251205601
1827.2091710040,0.0249899440
1828.1733974795,0.0248590093
1829.1376239550,0.0247302521
1830.1018504304,0.0246025193
1831.0660769059,0.0244754255
1832.0303033814,0.0243489444
1832.9945298568,0.0242257584
1833.9587563323,0.0241053160
1834.9229828077,0.0239876956
1835.8872092832,0.0238710660
1836.8514357587,0.0237543583
1837.8156622341,0.0236370787
1838.7798887096,0.0235195048
1839.7441151851,0.0234023444
1840.7083416605,0.0232882202
1841.6725681360,0.0231782496
1842.6367946115,0.0230742302
1843.6010210869,0.0229714625
1844.5652475624,0.0228657462
1845.5294740378,0.0227561276
1846.4937005133,0.0226454455
1847.4579269888,0.0225340016
1848.4221534642,0.0224238113
1849.3863799397,0.0223143585
1850.3506064152,0.0222045518
1851.3148328906,0.0220956989
1852.2790593661,0.0219895691
1853.2432858416,0.0218873583
1854.2075123170,0.0217894446
1855.1717387925,0.0216950085
1856.1359652680,0.0216025263
1857.1001917434,0.0215109587
1858.0644182189,0.0214204732
1859.0286446943,0.0213316921
1859.9928711698,0.0212442055
1860.9570976453,0.0211561397
1861.9213241207,0.0210652910
1862.8855505962,0.0209711492
1863.8497770717,0.0208755881
1864.8140035471,0.0207824912
1865.7782300226,0.0206943545
1866.7424564981,0.0206131060
1867.7066829735,0.0205362663
1868.6709094490,0.0204601474
1869.6351359244,0.0203831736
1870.5993623999,0.0203054249
1871.5635888754,0.0202273130
1872.5278153508,0.0201510042
1873.4920418263,0.0200767945
1874.4562683018,0.0200037379
1875.4204947772,0.0199326444
1876.3847212527,0.0198645163
1877.3489477282,0.0197999477
1878.3131742036,0.0197375827
1879.2774006791,0.0196746308
1880.2416271545,0.0196091961
1881.2058536300,0.0195412822
1882.1700801055,0.0194731057
1883.1343065809,0.0194069445
1884.0985330564,0.0193438511
1885.0627595319,0.0192823913
1886.0269860073,0.0192216709
1886.9912124828,0.0191613361
1887.9554389583,0.0191032290
1888.9196654337,0.0190487262
1889.8838919092,0.0189983416
1890.8481183847,0.0189515855
1891.8123448601,0.0189078376
1892.7765713356,0.0188665241
1893.7407978110,0.0188264325
1894.7050242865,0.0187867787
1895.6692507620,0.0187466666
1896.6334772374,0.0187060740
1897.5977037129,0.0186653752
1898.5619301884,0.0186244100
1899.5261566638,0.0185837205
1900.4903831393,0.0185443033
1901.4546096148,0.0185074564
1902.4188360902,0.0184749328
1903.3830625657,0.0184475183
1904.3472890411,0.0184245333
1905.3115155166,0.0184042249
1906.2757419921,0.0183855910
1907.2399684675,0.0183687396
1908.2041949430,0.0183545351
1909.1684214185,0.0183435176
1910.1326478939,0.0183349308
1911.0968743694,0.0183263440
1912.0611008449,0.0183151662
1913.0253273203,0.0183002353
1913.9895537958,0.0182824954
1914.9537802712,0.0182647314
1915.9180067467,0.0182501804
1916.8822332222,0.0182397589
1917.8464596976,0.0182336308
1918.8106861731,0.0182301477
1919.7749126486,0.0182292573
1920.7391391240,0.0182303097
1921.7033655995,0.0182332806
1922.6675920750,0.0182365999
1923.6318185504,0.0182396770
1924.5960450259,0.0182438623
1925.5602715013,0.0182502326
1926.5244979768,0.0182595477
1927.4887244523,0.0182712376
1928.4529509277,0.0182842501
1929.4171774032,0.0182982367
1930.3814038787,0.0183136817
1931.3456303541,0.0183312055
1932.3098568296,0.0183510240
1933.2740833051,0.0183733292
1934.2383097805,0.0183975808
1935.2025362560,0.0184233990
1936.1667627315,0.0184498411
1937.1309892069,0.0184761751
1938.0952156824,0.0185027830
1939.0594421578,0.0185309034
1940.0236686333,0.0185619164
1940.9878951088,0.0185956340
1941.9521215842,0.0186309498
1942.9163480597,0.0186661594
1943.8805745352,0.0187015049
1944.8448010106,0.0187389906
1945.8090274861,0.0187807232
1946.7732539616,0.0188269466
1947.7374804370,0.0188749600
1948.7017069125,0.0189224910
1949.6659333879,0.0189685673
1950.6301598634,0.0190140549
1951.5943863389,0.0190608446
1952.5586128143,0.0191103984
1953.5228392898,0.0191627443
1954.4870657653,0.0192173142
1955.4512922407,0.0192735419
1956.4155187162,0.0193316732
1957.3797451917,0.0193927605
1958.3439716671,0.0194575395
1959.3081981426,0.0195261724
1960.2724246180,0.0195980668
1961.2366510935,0.0196717605
1962.2008775690,0.0197454393
1963.1651040444,0.0198174771
1964.1293305199,0.0198875219
1965.0935569954,0.0199564677
1966.0577834708,0.0200259108
1967.0220099463,0.0200975090
1967.9862364218,0.0201727506
1968.9504628972,0.0202523731
1969.9146893727,0.0203363486
1970.8789158482,0.0204240326
1971.8431423236,0.0205132533
1972.8073687991,0.0206025466
1973.7715952745,0.0206913687
1974.7358217500,0.0207809154
1975.7000482255,0.0208727904
1976.6642747009,0.0209681336
1977.6285011764,0.0210667867
1978.5927276519,0.0211673100
1979.5569541273,0.0212684814
1980.5211806028,0.0213700030
1981.4854070783,0.0214728527
1982.4496335537,0.0215788577
1983.4138600292,0.0216893498
1984.3780865046,0.0218045786
1985.3423129801,0.0219237581
1986.3065394556,0.0220450144
1987.2707659310,0.0221667662
1988.2349924065,0.0222883075
1989.1992188820,0.0224099644
1990.1634453574,0.0225334018
1991.1276718329,0.0226590820
1992.0918983084,0.0227871444
1993.0561247838,0.0229169093
1994.0203512593,0.0230475590
1994.9845777347,0.0231791232
1995.9488042102,0.0233121458
1996.9130306857,0.0234479979
1997.8772571611,0.0235878807
1998.8414836366,0.0237325672
1999.8057101121,0.0238815676
2000.7699365875,0.0240332186
2001.7341630630,0.0241859090
2002.6983895385,0.0243394990
2003.6626160139,0.0244946517
2004.6268424894,0.0246532578
2005.5910689649,0.0248165522
2006.5552954403,0.0249843784
2007.5195219158,0.0251556691
2008.4837483912,0.0253285095
2009.4479748667,0.0255022980
2010.4122013422,0.0256775022
2011.3764278176,0.0258548371
2012.3406542931,0.0260345265
2013.3048807686,0.0262155812
2014.2691072440,0.0263968762
2015.2333337195,0.0265791286
2016.1975601950,0.0267642662
2017.1617866704,0.0269546602
2018.1260131459,0.0271506757
2019.0902396213,0.0273510274
2020.0544660968,0.0275534559
2021.0186925723,0.0277573019
2021.9829190477,0.0279630125
2022.9471455232,0.0281723291
2023.9113719987,0.0283858888
2024.8755984741,0.0286031514
2025.8398249496,0.0288226493
2026.8040514251,0.0290430915
2027.7682779005,0.0292645860
2028.7325043760,0.0294881873
2029.6967308514,0.0297157019
2030.6609573269,0.0299480222
2031.6251838024,0.0301851016
2032.5894102778,0.0304257255
2033.5536367533,0.0306693446
2034.5178632288,0.0309158806
2035.4820897042,0.0311656706
2036.4463161797,0.0314192772
2037.4105426552,0.0316768177
2038.3747691306,0.0319387503
2039.3389956061,0.0322053544
2040.3032220816,0.0324759148
2041.2674485570,0.0327493809
2042.2316750325,0.0330248885
2043.1959015079,0.0333029777
2044.1601279834,0.0335849077
2045.1243544589,0.0338718891
2046.0885809343,0.0341637954
2047.0528074098,0.0344597064
2048.0170338853,0.0347590186
2048.9812603607,0.0350622982
2049.9454868362,0.0353698581
2050.9097133117,0.0356818549
2051.8739397871,0.0359985456
2052.8381662626,0.0363202803
2053.8023927380,0.0366478302
2054.7666192135,0.0369806178
2055.7308456890,0.0373172686
2056.6950721644,0.0376561284
2057.6592986399,0.0379964709
2058.6235251154,0.0383396223
2059.5877515908,0.0386877432
2060.5519780663,0.0390423462
2061.5162045418,0.0394038409
2062.4804310172,0.0397717692
2063.4446574927,0.0401459113
2064.4088839681,0.0405263156
2065.3731104436,0.0409131981
2066.3373369191,0.0413055494
2067.3015633945,0.0417018719
2068.2657898700,0.0421008989
2069.2300163455,0.0425031483
2070.1942428209,0.0429111943
2071.1584692964,0.0433273241
2072.1226957719,0.0437517799
2073.0869222473,0.0441819243
2074.0511487228,0.0446137860
2075.0153751983,0.0450451858
2075.9796016737,0.0454776511
2076.9438281492,0.0459148027
2077.9080546246,0.0463603437
2078.8722811001,0.0468157157
2079.8365075756,0.0472802781
2080.8007340510,0.0477519594
2081.7649605265,0.0482287481
2082.7291870020,0.0487096272
2083.6934134774,0.0491951518
2084.6576399529,0.0496870577
2085.6218664284,0.0501868986
2086.5860929038,0.0506955497
2087.5503193793,0.0512117259
2088.5145458547,0.0517333597
2089.4787723302,0.0522585437
2090.4429988057,0.0527873114
2091.4072252811,0.0533212908
2092.3714517566,0.0538630188
2093.3356782321,0.0544141941
2094.2999047075,0.0549748577
2095.2641311830,0.0555434823
2096.2283576585,0.0561187714
2097.1925841339,0.0567001626
2098.1568106094,0.0572877675
2099.1210370848,0.0578824393
2100.0852635603,0.0584840886
2101.0494900358,0.0590931252
2102.0137165112,0.0597098209
2102.9779429867,0.0603351519
2103.9421694622,0.0609696098
2104.9063959376,0.0616131090
2105.8706224131,0.0622652732
2106.8348488886,0.0629257783
2107.7990753640,0.0635950193
2108.7633018395,0.0642734244
2109.7275283149,0.0649605915
2110.6917547904,0.0656555891
2111.6559812659,0.0663575232
2112.6202077413,0.0670666993
2113.5844342168,0.0677853227
2114.5486606923,0.0685158968
2115.5128871677,0.0692599043
2116.4771136432,0.0700167194
2117.4413401187,0.0707824081
2118.4055665941,0.0715531185
2119.3697930696,0.0723266602
2120.3340195451,0.0731043741
2121.2982460205,0.0738896504
2122.2624724960,0.0746860281
2123.2266989714,0.0754951164
2124.1909254469,0.0763162971
2125.1551519224,0.0771476924
2126.1193783978,0.0779890418
2127.0836048733,0.0788413063
2128.0478313488,0.0797059163
2129.0120578242,0.0805836245
2129.9762842997,0.0814734846
2130.9405107752,0.0823741779
2131.9047372506,0.0832845494
2132.8689637261,0.0842045918
2133.8331902015,0.0851355344
2134.7974166770,0.0860786140
2135.7616431525,0.0870338604
2136.7258696279,0.0880005956
2137.6900961034,0.0889770240
2138.6543225789,0.0899617597
2139.6185490543,0.0909548625
2140.5827755298,0.0919579491
2141.5470020053,0.0929735899
2142.5112284807,0.0940039232
2143.4754549562,0.0950492024
2144.4396814316,0.0961076394
2145.4039079071,0.0971768126
2146.3681343826,0.0982557014
2147.3323608580,0.0993450508
2148.2965873335,0.1004464105
2149.2608138090,0.1015613899
2150.2250402844,0.1026905254
2151.1892667599,0.1038339436
2152.1534932354,0.1049914882
2153.1177197108,0.1061625108
2154.0819461863,0.1073459387
2155.0461726618,0.1085404158
2156.0103991372,0.1097451150
2156.9746256127,0.1109605581
2157.9388520881,0.1121889576
2158.9030785636,0.1134331450
2159.8673050391,0.1146952063
2160.8315315145,0.1159758121
2161.7957579900,0.1172733679
2162.7599844655,0.1185855940
2163.7242109409,0.1199103594
2164.6884374164,0.1212472543
2165.6526638919,0.1225970984
2166.6168903673,0.1239609718
2167.5811168428,0.1253395379
2168.5453433182,0.1267324686
2169.5095697937,0.1281400770
2170.4737962692,0.1295630634
2171.4380227446,0.1310023218
2172.4022492201,0.1324582100
2173.3664756956,0.1339306384
2174.3307021710,0.1354200393
2175.2949286465,0.1369270831
2176.2591551220,0.1384519935
2177.2233815974,0.1399935484
2178.1876080729,0.1415496767
2179.1518345483,0.1431191117
2180.1160610238,0.1447027475
2181.0802874993,0.1463033557
2182.0445139747,0.1479230970
2183.0087404502,0.1495625824
2183.9729669257,0.1512212008
2184.9371934011,0.1528981030
2185.9014198766,0.1545924842
2186.8656463521,0.1563035548
2187.8298728275,0.1580303907
2188.7940993030,0.1597722173
2189.7583257785,0.1615291983
2190.7225522539,0.1633030772
2191.6867787294,0.1650958210
2192.6510052048,0.1669096500
2193.6152316803,0.1687458903
2194.5794581558,0.1706045717
2195.5436846312,0.1724841893
2196.5079111067,0.1743825972
2197.4721375822,0.1762979478
2198.4363640576,0.1782297194
2199.4005905331,0.1801789552
2200.3648170086,0.1821470261
2201.3290434840,0.1841349602
2202.2932699595,0.1861430854
2203.2574964349,0.1881719977
2204.2217229104,0.1902236342
2205.1859493859,0.1923012882
2206.1501758613,0.1944067031
2207.1144023368,0.1965390742
2208.0786288123,0.1986948848
2209.0428552877,0.2008700073
2210.0070817632,0.2030620128
2210.9713082387,0.2052715421
2211.9355347141,0.2075011432
2212.8997611896,0.2097528130
2213.8639876650,0.2120277435
2214.8282141405,0.2143256664
2215.7924406160,0.2166472375
2216.7566670914,0.2189938128
2217.7208935669,0.2213673443
2218.6851200424,0.2237693518
2219.6493465178,0.2261995375
2220.6135729933,0.2286567539
2221.5777994688,0.2311393321
2222.5420259442,0.2336461991
2223.5062524197,0.2361777425
2224.4704788952,0.2387355268
2225.4347053706,0.2413210571
2226.3989318461,0.2439350486
2227.3631583215,0.2465763688
2228.3273847970,0.2492433786
2229.2916112725,0.2519359291
2230.2558377479,0.2546566725
2231.2200642234,0.2574098706
2232.1842906989,0.2601990104
2233.1485171743,0.2630257308
2234.1127436498,0.2658895552
2235.0769701253,0.2687914371
2236.0411966007,0.2717347443
2237.0054230762,0.2747245431
2237.9696495516,0.2777647078
2238.9338760271,0.2808544636
2239.8981025026,0.2839891016
2240.8623289780,0.2871627510
2241.8265554535,0.2903711498
2242.7907819290,0.2936130464
2243.7550084044,0.2968885899
2244.7192348799,0.3001961708
2245.6834613554,0.3035319149
2246.6476878308,0.3068911731
2247.6119143063,0.3102702796
2248.5761407817,0.3136682808
2249.5403672572,0.3170860112
2250.5045937327,0.3205250204
2251.4688202081,0.3239866793
2252.4330466836,0.3274732232
2253.3972731591,0.3309883475
2254.3614996345,0.3345371485
2255.3257261100,0.3381250799
2256.2899525855,0.3417564034
2257.2541790609,0.3454337418
2258.2184055364,0.3491589427
2259.1826320119,0.3529327214
2260.1468584873,0.3567563593
2261.1110849628,0.3606304824
2262.0753114382,0.3645563424
2263.0395379137,0.3685354590
2264.0037643892,0.3725692034
2264.9679908646,0.3766577244
2265.9322173401,0.3807993531
2266.8964438156,0.3849915564
2267.8606702910,0.3892333508
2268.8248967665,0.3935270011
2269.7891232420,0.3978774250
2270.7533497174,0.4022893012
2271.7175761929,0.4067643285
2272.6818026683,0.4113000333
2273.6460291438,0.4158909023
2274.6102556193,0.4205306172
2275.5744820947,0.4252139330
2276.5387085702,0.4299392104
2277.5029350457,0.4347091913
2278.4671615211,0.4395309389
2279.4313879966,0.4444139600
2280.3956144721,0.4493662417
2281.3598409475,0.4543924034
2282.3240674230,0.4594915509
2283.2882938984,0.4646593630
2284.2525203739,0.4698889554
2285.2167468494,0.4751738906
2286.1809733248,0.4805104434
2287.1451998003,0.4859002829
2288.1094262758,0.4913486540
2289.0736527512,0.4968617260
2290.0378792267,0.5024425387
2291.0021057022,0.5080894232
2291.9663321776,0.5137986541
2292.9305586531,0.5195678473
2293.8947851285,0.5253971219
2294.8590116040,0.5312886238
2295.8232380795,0.5372433066
2296.7874645549,0.5432606936
2297.7516910304,0.5493406057
2298.7159175059,0.5554835796
2299.6801439813,0.5616911650
2300.6443704568,0.5679631233
2301.6085969323,0.5742966533
2302.5728234077,0.5806862712
2303.5370498832,0.5871267319
2304.5012763587,0.5936152935
2305.4655028341,0.6001527905
2306.4297293096,0.6067436337
2307.3939557850,0.6133933663
2308.3581822605,0.6201072931
2309.3224087360,0.6268892884
2310.2866352114,0.6337403655
2311.2508616869,0.6406574249
2312.2150881624,0.6476331353
2313.1793146378,0.6546569467
2314.1435411133,0.6617186666
2315.1077675888,0.6688112020
2316.0719940642,0.6759337783
2317.0362205397,0.6830911040
2318.0004470151,0.6902906299
2318.9646734906,0.6975392103
2319.9288999661,0.7048403025
2320.8931264415,0.7121924162
2321.8573529170,0.7195898890
2322.8215793925,0.7270250320
2323.7858058679,0.7344903946
2324.7500323434,0.7419812083
2325.7142588189,0.7494962215
2326.6784852943,0.7570364475
2327.6427117698,0.7646002769
2328.6069382452,0.7721829414
2329.5711647207,0.7797778249
2330.5353911962,0.7873841524
2331.4996176716,0.7950124741
2332.4638441471,0.8026851416
2333.4280706226,0.8104288578
2334.3922970980,0.8182656169
2335.3565235735,0.8262031078
2336.3207500490,0.8342272043
2337.2849765244,0.8422957063
2338.2492029999,0.8503296375
2339.2134294754,0.8582156301
2340.1776559508,0.8658265471
2341.1418824263,0.8730629086
2342.1061089017,0.8798928857
2343.0703353772,0.8863742948
2344.0345618527,0.8926360011
2344.9987883281,0.8988286257
2345.9630148036,0.9050734639
2346.9272412791,0.9114307761
2347.8914677545,0.9179012179
2348.8556942300,0.9244509935
2349.8199207055,0.9310367703
2350.7841471809,0.9376231432
2351.7483736564,0.9441846609
2352.7126001318,0.9507066011
2353.6768266073,0.9571821094
2354.6410530828,0.9636113048
2355.6052795582,0.9699938297
2356.5695060337,0.9763212204
2357.5337325092,0.9825726748
2358.4979589846,0.9887219071
2359.4621854601,0.9947496057
2360.4264119356,1.0006514788
2361.3906384110,1.0064370632
2362.3548648865,1.0121208429
2363.3190913619,1.0177133083
2364.2833178374,1.0232148170
2365.2475443129,1.0286154747
2366.2117707883,1.0339016914
2367.1759972638,1.0390630960
2368.1402237393,1.0440948009
2369.1044502147,1.0489959717
2370.0686766902,1.0537654161
2371.0329031657,1.0583995581
2371.9971296411,1.0628949404
2372.9613561166,1.0672521591
2373.9255825921,1.0714741945
2374.8898090675,1.0755622387
2375.8540355430,1.0795139074
2376.8182620184,1.0833308697
2377.7824884939,1.0870183706
2378.7467149694,1.0905858278
2379.7109414448,1.0940359831
2380.6751679203,1.0973622799
2381.6393943958,1.1005561352
2382.6036208712,1.1036173105
2383.5678473467,1.1065574884
2384.5320738222,1.1093921661
2385.4963002976,1.1121281385
2386.4605267731,1.1147574186
2387.4247532485,1.1172623634
2388.3889797240,1.1196264029
2389.3532061995,1.1218421459
2390.3174326749,1.1239136457
2391.2816591504,1.1258528233
2392.2458856259,1.1276767254
2393.2101121013,1.1294001341
2394.1743385768,1.1310333014
2395.1385650523,1.1325795650
2396.1027915277,1.1340380907
2397.0670180032,1.1354080439
2398.0312444786,1.1366916895
2398.9954709541,1.1378955841
2399.9596974296,1.1390254498
2400.9239239050,1.1400809288
2401.8881503805,1.1410527229
2402.8523768560,1.1419310570
2403.8166033314,1.1427203417
2404.7808298069,1.1434488297
2405.7450562824,1.1441559792
2406.7092827578,1.1448687315
2407.6735092333,1.1455813646
2408.6377357088,1.1462613344
2409.6019621842,1.1468760967
2410.5661886597,1.1474183798
2411.5304151351,1.1479068995
2412.4946416106,1.1483715773
2413.4588680861,1.1488287449
2414.4230945615,1.1492770910
2415.3873210370,1.1497073174
2416.3515475125,1.1501169205
2417.3157739879,1.1505157948
2418.2800004634,1.1509193182
2419.2442269389,1.1513381004
2420.2084534143,1.1517716646
2421.1726798898,1.1522175074
2422.1369063652,1.1526786089
2423.1011328407,1.1531664133
2424.0653593162,1.1536918879
2425.0295857916,1.1542586088
2425.9938122671,1.1548619270
2426.9580387426,1.1554969549
2427.9222652180,1.1561676264
2428.8864916935,1.1568840742
2429.8507181690,1.1576522589
2430.8149446444,1.1584696770
2431.7791711199,1.1593244076
2432.7433975953,1.1602033377
2433.7076240708,1.1610962152
2434.6718505463,1.1620048285
2435.6360770217,1.1629422903
2436.6003034972,1.1639255285
2437.5645299727,1.1649640799
2438.5287564481,1.1660498381
2439.4929829236,1.1671596766
2440.4572093991,1.1682746410
2441.4214358745,1.1693969965
2442.3856623500,1.1705493927
2443.3498888255,1.1717549562
2444.3141153009,1.1730155945
2445.2783417764,1.1743099689
2446.2425682518,1.1756086349
2447.2067947273,1.1768968105
2448.1710212028,1.1781774759
2449.1352476782,1.1794662476
2450.0994741537,1.1807770729
2451.0637006292,1.1821159124
2452.0279271046,1.1834787130
2452.9921535801,1.1848562956
2453.9563800556,1.1862361431
2454.9206065310,1.1876078844
2455.8848330065,1.1889618635
2456.8490594819,1.1902893782
2457.8132859574,1.1915848255
2458.7775124329,1.1928502321
2459.7417389083,1.1940915585
2460.7059653838,1.1953116655
2461.6701918593,1.1964973211
2462.6344183347,1.1976182461
2463.5986448102,1.1986402273
2464.5628712857,1.1995469332
2465.5270977611,1.2003512383
2466.4913242366,1.2010897398
2467.4555507120,1.2017964125
2468.4197771875,1.2024847269
2469.3840036630,1.2031399012
2470.3482301384,1.2037266493
2471.3124566139,1.2042069435
2472.2766830894,1.2045586109
2473.2409095648,1.2047818899
2474.2051360403,1.2049000263
2475.1693625158,1.2049419880
2476.1335889912,1.2049279213
2477.0978154667,1.2048565149
2478.0620419421,1.2047097683
2479.0262684176,1.2044633627
2479.9904948931,1.2040977478
2480.9547213685,1.2036060095
2481.9189478440,1.2029887438
2482.8831743195,1.2022486925
2483.8474007949,1.2013823986
2484.8116272704,1.2003854513
2485.7758537459,1.1992570162
2486.7400802213,1.1980071068
2487.7043066968,1.1966512203
2488.6685331723,1.1951998472
2489.6327596477,1.1936537027
2490.5969861232,1.1920025349
2491.5612125986,1.1902357340
2492.5254390741,1.1883486509
2493.4896655496,1.1863472462
2494.4538920250,1.1842427254
2495.4181185005,1.1820492744
2496.3823449760,1.1797835827
2497.3465714514,1.1774588823
2498.3107979269,1.1750812531
2499.2750244024,1.1726425886
2500.2392508778,1.1701236963
2501.2034773533,1.1674973965
2502.1677038287,1.1647467613
2503.1319303042,1.1618758440
2504.0961567797,1.1589132547
2505.0603832551,1.1559035778
2506.0246097306,1.1528861523
2506.9888362061,1.1498810053
2507.9530626815,1.1468847990
2508.9172891570,1.1438771486
2509.8815156325,1.1408352852
2510.8457421079,1.1377415657
2511.8099685834,1.1345888376
2512.7741950588,1.1313846111
2513.7384215343,1.1281449795
2514.7026480098,1.1248868704
2515.6668744852,1.1216175556
2516.6311009607,1.1183316708
2517.5953274362,1.1150177717
2518.5595539116,1.1116728783
2519.5237803871,1.1083093882
2520.4880068626,1.1049503088
2521.4522333380,1.1016148329
2522.4164598135,1.0983109474
2523.3806862890,1.0950376987
2524.3449127644,1.0917940140
2525.3091392399,1.0885868073
2526.2733657153,1.0854263306
2527.2375921908,1.0823184252
2528.2018186663,1.0792586803
2529.1660451417,1.0762361288
2530.1302716172,1.0732381344
2531.0944980927,1.0702551603
2532.0587245681,1.0672806501
2533.0229510436,1.0643085241
2533.9871775191,1.0613378286
2534.9514039945,1.0583724976
2535.9156304700,1.0554257631
2536.8798569454,1.0525139570
2537.8440834209,1.0496498346
2538.8083098964,1.0468384027
2539.7725363718,1.0440756083
2540.7367628473,1.0413465500
2541.7009893228,1.0386294127
2542.6652157982,1.0359032154
2543.6294422737,1.0331596136
2544.5936687492,1.0304130316
2545.5578952246,1.0276969671
2546.5221217001,1.0250468254
2547.4863481755,1.0224788189
2548.4505746510,1.0199811459
2549.4148011265,1.0175226927
2550.3790276019,1.0150713921
2551.3432540774,1.0126080513
2552.3074805529,1.0101296902
2553.2717070283,1.0076434612
2554.2359335038,1.0051575899
2555.2001599793,1.0026808977
2556.1643864547,1.0002213717
2557.1286129302,0.9977864623
2558.0928394057,0.9953798652
2559.0570658811,0.9929963350
2560.0212923566,0.9906200767
2560.9855188320,0.9882311225
2561.9497453075,0.9858143926
2562.9139717830,0.9833675623
2563.8781982584,0.9808991551
2564.8424247339,0.9784196019
2565.8066512094,0.9759351015
2566.7708776848,0.9734420180
2567.7351041603,0.9709322453
2568.6993306358,0.9683944583
2569.6635571112,0.9658204913
2570.6277835867,0.9632083178
2571.5920100621,0.9605621099
2572.5562365376,0.9578911066
2573.5204630131,0.9552066326
2574.4846894885,0.9525189400
2575.4489159640,0.9498326182
2576.4131424395,0.9471414685
2577.3773689149,0.9444263577
2578.3415953904,0.9416605234
2579.3058218659,0.9388238192
2580.2700483413,0.9359153509
2581.2342748168,0.9329540133
2582.1985012922,0.9299643636
2583.1627277677,0.9269590378
2584.1269542432,0.9239332676
2585.0911807186,0.9208756089
2586.0554071941,0.9177794456
2587.0196336696,0.9146472216
2587.9838601450,0.9114840627
2588.9480866205,0.9082891345
2589.9123130960,0.9050565958
2590.8765395714,0.9017765522
2591.8407660469,0.8984394073
2592.8049925224,0.8950356245
2593.7692189978,0.8915562034
2594.7334454733,0.8879982829
2595.6976719487,0.8843683004
2596.6618984242,0.8806796670
2597.6261248997,0.8769480586
2598.5903513751,0.8731841445
2599.5545778506,0.8693920374
2600.5188043261,0.8655683994
2601.4830308015,0.8617061377
2602.4472572770,0.8577947021
2603.4114837525,0.8538247943
2604.3757102279,0.8497911096
2605.3399367034,0.8456948400
2606.3041631788,0.8415412903
2607.2683896543,0.8373368979
2608.2326161298,0.8330872655
2609.1968426052,0.8287950158
2610.1610690807,0.8244599700
2611.1252955562,0.8200789094
2612.0895220316,0.8156480789
2613.0537485071,0.8111662269
2614.0179749826,0.8066379428
2614.9822014580,0.8020707965
2615.9464279335,0.7974727750
2616.9106544089,0.7928469181
2617.8748808844,0.7881898880
2618.8391073599,0.7834942937
2619.8033338353,0.7787541151
2620.7675603108,0.7739686966
2621.7317867863,0.7691428065
2622.6960132617,0.7642837763
2623.6602397372,0.7593968511
2624.6244662127,0.7544819117
2625.5886926881,0.7495368719
2626.5529191636,0.7445597649
2627.5171456391,0.7395523787
2628.4813721145,0.7345210314
2629.4455985900,0.7294728756
2630.4098250654,0.7244130969
2631.3740515409,0.7193421125
2632.3382780164,0.7142547965
2633.3025044918,0.7091423869
2634.2667309673,0.7039979696
2635.2309574428,0.6988214850
2636.1951839182,0.6936200261
2637.1594103937,0.6884042025
2638.1236368692,0.6831802726
2639.0878633446,0.6779478192
2640.0520898201,0.6727014184
2641.0163162955,0.6674373150
2641.9805427710,0.6621573567
2642.9447692465,0.6568695307
2643.9089957219,0.6515831351
2644.8732221974,0.6463040113
2645.8374486729,0.6410305500
2646.8016751483,0.6357557774
2647.7659016238,0.6304708719
2648.7301280993,0.6251686811
2649.6943545747,0.6198458672
2650.6585810502,0.6145036221
2651.6228075256,0.6091471910
2652.5870340011,0.6037840843
2653.5512604766,0.5984213948
2654.5154869520,0.5930619240
2655.4797134275,0.5877025127
2656.4439399030,0.5823370218
2657.4081663784,0.5769616961
2658.3723928539,0.5715783238
2659.3366193294,0.5661933422
2660.3008458048,0.5608109832
2661.2650722803,0.5554282069
2662.2292987557,0.5500357747
2663.1935252312,0.5446245670
2664.1577517067,0.5391921997
2665.1219781821,0.5337437391
2666.0862046576,0.5282859802
2667.0504311331,0.5228199959
2668.0146576085,0.5173406601
2668.9788840840,0.5118404031
2669.9431105595,0.5063160062
2670.9073370349,0.5007700920
2671.8715635104,0.4952070713
2672.8357899859,0.4896271527
2673.8000164613,0.4840242565
2674.7642429368,0.4783903062
2675.7284694122,0.4727190435
2676.6926958877,0.4670104384
2677.6569223632,0.4612675011
2678.6211488386,0.4554930925
2679.5853753141,0.4496855140
2680.5496017896,0.4438387156
2681.5138282650,0.4379448891
2682.4780547405,0.4319963753
2683.4422812160,0.4259887636
2684.4065076914,0.4199213386
2685.3707341669,0.4137952030
2686.3349606423,0.4076122046
2687.2991871178,0.4013737142
2688.2634135933,0.3950802684
2689.2276400687,0.3887317777
2690.1918665442,0.3823284805
2691.1560930197,0.3758704960
2692.1203194951,0.3693576455
2693.0845459706,0.3627887368
2694.0487724461,0.3561604917
2695.0129989215,0.3494678438
2695.9772253970,0.3427058160
2696.9414518724,0.3358724415
2697.9056783479,0.3289717436
2698.8699048234,0.3220140636
2699.8341312988,0.3150128722
2700.7983577743,0.3079805374
2701.7625842498,0.3009247184
2702.7268107252,0.2938479483
2703.6910372007,0.2867498398
2704.6552636762,0.2796303630
2705.6194901516,0.2724931240
2706.5837166271,0.2653472424
2707.5479431026,0.2582066953
2708.5121695780,0.2510870397
2709.4763960535,0.2440029085
2710.4406225289,0.2369659394
2711.4048490044,0.2299852818
2712.3690754799,0.2230694592
2713.3333019553,0.2162268162
2714.2975284308,0.2094651163
2715.2617549063,0.2027923018
2716.2259813817,0.1962163150
2717.1902078572,0.1897455454
2718.1544343327,0.1833885312
2719.1186608081,0.1771524101
2720.0828872836,0.1710426211
2721.0471137590,0.1650641412
2722.0113402345,0.1592234969
2722.9755667100,0.1535294801
2723.9397931854,0.1479911506
2724.9040196609,0.1426151097
2725.8682461364,0.1374037117
2726.8324726118,0.1323561668
2727.7966990873,0.1274701208
2728.7609255628,0.1227448806
2729.7251520382,0.1181810573
2730.6893785137,0.1137797907
2731.6536049891,0.1095410287
2732.6178314646,0.1054620892
2733.5820579401,0.1015389562
2734.5462844155,0.0977670625
2735.5105108910,0.0941428617
2736.4747373665,0.0906644836
2737.4389638419,0.0873301402
2738.4031903174,0.0841371939
2739.3674167929,0.0810810626
2740.3316432683,0.0781556442
2741.2958697438,0.0753549933
2742.2600962193,0.0726743937
2743.2243226947,0.0701101944
2744.1885491702,0.0676589757
2745.1527756456,0.0653165579
2746.1170021211,0.0630782545
2747.0812285966,0.0609395839
2748.0454550720,0.0588964410
2749.0096815475,0.0569449626
2749.9739080230,0.0550807230
2750.9381344984,0.0532991663
2751.9023609739,0.0515961535
2752.8665874494,0.0499691404
2753.8308139248,0.0484166071
2754.7950404003,0.0469369441
2755.7592668757,0.0455276109
2756.7234933512,0.0441855900
2757.6877198267,0.0429083966
2758.6519463021,0.0416936390
2759.6161727776,0.0405387618
2760.5803992531,0.0394389927
2761.5446257285,0.0383892469
2762.5088522040,0.0373854265
2763.4730786795,0.0364261977
2764.4373051549,0.0355118103
2765.4015316304,0.0346421786
2766.3657581058,0.0338144414
2767.3299845813,0.0330247506
2768.2942110568,0.0322689191
2769.2584375322,0.0315451324
2770.2226640077,0.0308528151
2771.1868904832,0.0301920958
2772.1511169586,0.0295621641
2773.1153434341,0.0289618690
2774.0795699096,0.0283900909
2775.0437963850,0.0278456975
2776.0080228605,0.0273264628
2776.9722493360,0.0268291067
2777.9364758114,0.0263510235
2778.9007022869,0.0258907191
2779.8649287623,0.0254491288
2780.8291552378,0.0250281394
2781.7933817133,0.0246292837
2782.7576081887,0.0242522005
2783.7218346642,0.0238938201
2784.6860611397,0.0235497020
2785.6502876151,0.0232155770
2786.6145140906,0.0228892677
2787.5787405661,0.0225715190
2788.5429670415,0.0222649015
2789.5071935170,0.0219713524
2790.4714199924,0.0216908455
2791.4356464679,0.0214210991
2792.3998729434,0.0211606231
2793.3640994188,0.0209091604
2794.3283258943,0.0206685103
2795.2925523698,0.0204403661
2796.2567788452,0.0202250350
2797.2210053207,0.0200208686
2798.1852317962,0.0198249556
2799.1494582716,0.0196343027
2800.1136847471,0.0194458440
2801.0779112225,0.0192580372
2802.0421376980,0.0190700665
2803.0063641735,0.0188826919
2803.9705906489,0.0186976139
2804.9348171244,0.0185171794
2805.8990435999,0.0183438696
2806.8632700753,0.0181791298
2807.8274965508,0.0180235729
2808.7917230263,0.0178765412
2809.7559495017,0.0177359488
2810.7201759772,0.0175993126
2811.6844024527,0.0174636338
2812.6486289281,0.0173263289
2813.6128554036,0.0171861313
2814.5770818790,0.0170437433
2815.5413083545,0.0169016458
2816.5055348300,0.0167630650
2817.4697613054,0.0166308209
2818.4339877809,0.0165050719
2819.3982142564,0.0163844917
2820.3624407318,0.0162659083
2821.3266672073,0.0161470082
2822.2908936828,0.0160266627
2823.2551201582,0.0159055982
2824.2193466337,0.0157855619
2825.1835731091,0.0156684574
2826.1477995846,0.0155554339
2827.1120260601,0.0154464915
2828.0762525355,0.0153410891
2829.0404790110,0.0152379638
2830.0047054865,0.0151359094
2830.9689319619,0.0150340926
2831.9331584374,0.0149328355
2832.8973849129,0.0148330219
2833.8616113883,0.0147358552
2834.8258378638,0.0146405846
2835.7900643392,0.0145451743
2836.7542908147,0.0144481799
2837.7185172902,0.0143495742
2838.6827437656,0.0142511781
2839.6469702411,0.0141551318
2840.6111967166,0.0140617266
2841.5754231920,0.0139700519
2842.5396496675,0.0138792526
2843.5038761430,0.0137895141
2844.4681026184,0.0137009686
2845.4323290939,0.0136122555
2846.3965555693,0.0135211302
2847.3607820448,0.0134257246
2848.3250085203,0.0133274319
2849.2892349957,0.0132306814
2850.2534614712,0.0131402230
2851.2176879467,0.0130583458
2852.1819144221,0.0129836323
2853.1461408976,0.0129127186
2854.1103673731,0.0128432028
2855.0745938485,0.0127748977
2856.0388203240,0.0127094295
2857.0030467995,0.0126485545
2857.9672732749,0.0125919776
2858.9314997504,0.0125379665
2859.8957262258,0.0124843353
2860.8599527013,0.0124297785
2861.8241791768,0.0123755746
2862.7884056522,0.0123237735
2863.7526321277,0.0122756539
2864.7168586032,0.0122300424
2865.6810850786,0.0121834511
2866.6453115541,0.0121312207
2867.6095380296,0.0120713580
2868.5737645050,0.0120052500
2869.5379909805,0.0119375288
2870.5022174559,0.0118738627
2871.4664439314,0.0118175996
2872.4306704069,0.0117687378
2873.3948968823,0.0117243500
2874.3591233578,0.0116810827
2875.3233498333,0.0116368365
2876.2875763087,0.0115907602
2877.2518027842,0.0115437852
2878.2160292597,0.0114975329
2879.1802557351,0.0114539163
2880.1444822106,0.0114145838
2881.1087086860,0.0113795055
2882.0729351615,0.0113467686
2883.0371616370,0.0113123069
2884.0013881124,0.0112718977
2884.9656145879,0.0112244515
2885.9298410634,0.0111730807
2886.8940675388,0.0111247702
2887.8582940143,0.0110865552
2888.8225204898,0.0110611692
2889.7867469652,0.0110458210
2890.7509734407,0.0110335806
2891.7151999162,0.0110183395
2892.6794263916,0.0109975506
2893.6436528671,0.0109724617
2894.6078793425,0.0109452242
2895.5721058180,0.0109160505
2896.5363322935,0.0108835874
2897.5005587689,0.0108468272
2898.4647852444,0.0108064869
2899.4290117199,0.0107651157
2900.3932381953,0.0107255531
2901.3574646708,0.0106888860
2902.3216911463,0.0106548741
2903.2859176217,0.0106223775
2904.2501440972,0.0105911037
2905.2143705726,0.0105602825
2906.1785970481,0.0105292778
2907.1428235236,0.0104965521
2908.1070499990,0.0104609653
2909.0712764745,0.0104218805
2910.0355029500,0.0103801750
2910.9997294254,0.0103373332
2911.9639559009,0.0102955829
2912.9281823764,0.0102572553
2913.8924088518,0.0102244709
2914.8566353273,0.0101978099
2915.8208618027,0.0101744896
2916.7850882782,0.0101489443
2917.7493147537,0.0101142600
2918.7135412291,0.0100658815
2919.6777677046,0.0100045549
2920.6419941801,0.0099358996
2921.6062206555,0.0098684747
2922.5704471310,0.0098099029
2923.5346736065,0.0097642848
2924.4989000819,0.0097316690
2925.4631265574,0.0097091682
2926.4273530329,0.0096923588
2927.3915795083,0.0096770599
2928.3558059838,0.0096606221
2929.3200324592,0.0096423067
2930.2842589347,0.0096238861
2931.2484854102,0.0096079800
2932.2127118856,0.0095964950
2933.1769383611,0.0095896665
2934.1411648366,0.0095862262
2935.1053913120,0.0095840832
2936.0696177875,0.0095813833
2937.0338442630,0.0095769111
2937.9980707384,0.0095703751
2938.9622972139,0.0095622512
2939.9265236893,0.0095533598
2940.8907501648,0.0095444685
2941.8549766403,0.0095349960
2942.8192031157,0.0095236180
2943.7834295912,0.0095087746
2944.7476560667,0.0094894599
2945.7118825421,0.0094656218
2946.6761090176,0.0094385045
2947.6403354931,0.0094086910
2948.6045619685,0.0093758646
2949.5687884440,0.0093394164
2950.5330149194,0.0092984494
2951.4972413949,0.0092533082
2952.4614678704,0.0092053693
2953.4256943458,0.0091564301
2954.3899208213,0.0091078412
2955.3541472968,0.0090591516
2956.3183737722,0.0090083266
2957.2826002477,0.0089527247
2958.2468267232,0.0088915015
2959.2110531986,0.0088269059
2960.1752796741,0.0087632444
2961.1395061496,0.0087040560
2962.1037326250,0.0086495224
2963.0679591005,0.0085967127
2964.0321855759,0.0085416650
2964.9964120514,0.0084826639
2965.9606385269,0.0084216660
2966.9248650023,0.0083629722
2967.8890914778,0.0083112791
2968.8533179533,0.0082683507
2969.8175444287,0.0082332091
2970.7817709042,0.0082022129
2971.7459973797,0.0081716925
2972.7102238551,0.0081392759
2973.6744503306,0.0081043821
2974.6386768060,0.0080672754
2975.6029032815,0.0080280108
2976.5671297570,0.0079867719
2977.5313562324,0.0079447189
2978.4955827079,0.0079036988
2979.4598091834,0.0078647649
2980.4240356588,0.0078271525
2981.3882621343,0.0077882251
2982.3524886098,0.0077452697
2983.3167150852,0.0076977075
2984.2809415607,0.0076466198
2985.2451680361,0.0075931940
2986.2093945116,0.0075372462
2987.1736209871,0.0074770916
2988.1378474625,0.0074115740
2989.1020739380,0.0073416429
2990.0663004135,0.0072704069
2991.0305268889,0.0072020781
2991.9947533644,0.0071397596
2992.9589798399,0.0070845280
2993.9232063153,0.0070354068
2994.8874327908,0.0069898423
2995.8516592663,0.0069449404
2996.8158857417,0.0068977284
2997.7801122172,0.0068459725
2998.7443386926,0.0067897527
2999.7085651681,0.0067314105
3000.6727916436,0.0066751791
3001.6370181190,0.0066240015
3002.6012445945,0.0065781125
3003.5654710700,0.0065333582
3004.5296975454,0.0064840890
3005.4939240209,0.0064263134
3006.4581504964,0.0063601923
3007.4223769718,0.0062897210
3008.3866034473,0.0062208371
3009.3508299227,0.0061575831
3010.3150563982,0.0061012157
3011.2792828737,0.0060495543
3012.2435093491,0.0059987395
3013.2077358246,0.0059450432
3014.1719623001,0.0058861063
3015.1361887755,0.0058219037
3016.1004152510,0.0057550874
3017.0646417265,0.0056898813
3018.0288682019,0.0056302706
3018.9930946774,0.0055773542
3019.9573211528,0.0055281934
3020.9215476283,0.0054780683
3021.8857741038,0.0054228380
3022.8500005792,0.0053625824
3023.8142270547,0.0053007631
3024.7784535302,0.0052423324
3025.7426800056,0.0051889918
3026.7069064811,0.0051384084
3027.6711329566,0.0050867829
3028.6353594320,0.0050320993
3029.5995859075,0.0049763233
3030.5638123829,0.0049236701
3031.5280388584,0.0048762322
3032.4922653339,0.0048325695
3033.4564918093,0.0047876542
3034.4207182848,0.0047377194
3035.3849447603,0.0046831323
3036.3491712357,0.0046283691
3037.3133977112,0.0045785829
3038.2776241867,0.0045358916
3039.2418506621,0.0044982261
3040.2060771376,0.0044618454
3041.1703036131,0.0044237152
3042.1345300885,0.0043832618
3043.0987565640,0.0043405108
3044.0629830394,0.0042952807
3045.0272095149,0.0042467876
3045.9914359904,0.0041955295
3046.9556624658,0.0041429186
3047.9198889413,0.0040915417
3048.8841154168,0.0040427842
3049.8483418922,0.0039970102
3050.8125683677,0.0039530434
3051.7767948432,0.0039099953
3052.7410213186,0.0038664034
3053.7052477941,0.0038213530
3054.6694742695,0.0037745580
3055.6337007450,0.0037263841
3056.5979272205,0.0036783984
3057.5621536959,0.0036318013
3058.5263801714,0.0035870364
3059.4906066469,0.0035442335
3060.4548331223,0.0035039920
3061.4190595978,0.0034674336
3062.3832860733,0.0034344527
3063.3475125487,0.0034033007
3064.3117390242,0.0033705854
3065.2759654996,0.0033342729
3066.2401919751,0.0032965550
3067.2044184506,0.0032617613
3068.1686449260,0.0032329948
3069.1328714015,0.0032093676
3070.0970978770,0.0031862110
3071.0613243524,0.0031584403
3072.0255508279,0.0031238664
3072.9897773034,0.0030837159
3073.9540037788,0.0030404674
3074.9182302543,0.0029960501
3075.8824567298,0.0029513505
3076.8466832052,0.0029071509
3077.8109096807,0.0028646493
3078.7751361561,0.0028256695
3079.7393626316,0.0027915128
3080.7035891071,0.0027618394
3081.6678155825,0.0027350336
3082.6320420580,0.0027089589
3083.5962685335,0.0026823909
3084.5604950089,0.0026559024
3085.5247214844,0.0026305618
3086.4889479599,0.0026071235
3087.4531744353,0.0025837906
3088.4174009108,0.0025579331
3089.3816273862,0.0025275990
3090.3458538617,0.0024934136
3091.3100803372,0.0024586061
3092.2743068126,0.0024267691
3093.2385332881,0.0023990730
3094.2027597636,0.0023736169
3095.1669862390,0.0023472777
3096.1312127145,0.0023187278
3097.0954391900,0.0022898675
3098.0596656654,0.0022640277
3099.0238921409,0.0022425866
3099.9881186163,0.0022228118
3100.9523450918,0.0021993697
3101.9165715673,0.0021688524
3102.8807980427,0.0021328223
3103.8450245182,0.0020969252
3104.8092509937,0.0020667792
3105.7734774691,0.0020442035
3106.7377039446,0.0020263104
3107.7019304201,0.0020080018
3108.6661568955,0.0019846491
3109.6303833710,0.0019541730
3110.5946098465,0.0019170686
3111.5588363219,0.0018768737
3112.5230627974,0.0018383722
3113.4872892728,0.0018060087
3114.4515157483,0.0017809253
3115.4157422238,0.0017602879
3116.3799686992,0.0017389758
3117.3441951747,0.0017133765
3118.3084216502,0.0016838808
3119.2726481256,0.0016539973
3120.2368746011,0.0016277016
3121.2011010766,0.0016068895
3122.1653275520,0.0015907810
3123.1295540275,0.0015770374
3124.0937805029,0.0015637877
3125.0580069784,0.0015495513
3126.0222334539,0.0015338865
3126.9864599293,0.0015163780
3127.9506864048,0.0014966623
3128.9149128803,0.0014741942
3129.8791393557,0.0014496495
3130.8433658312,0.0014249244
3131.8075923067,0.0014030313
3132.7718187821,0.0013858397
3133.7360452576,0.0013729334
3134.7002717330,0.0013617154
3135.6644982085,0.0013486281
3136.6287246840,0.0013313867
3137.5929511594,0.0013095243
3138.5571776349,0.0012834052
3139.5214041104,0.0012543540
3140.4856305858,0.0012239809
3141.4498570613,0.0011950636
3142.4140835368,0.0011705087
3143.3783100122,0.0011513537
3144.3425364877,0.0011362742
3145.3067629632,0.0011222594
3146.2709894386,0.0011063246
3147.2352159141,0.0010876136
3148.1994423895,0.0010673983
3149.1636688650,0.0010477809
3150.1278953405,0.0010297989
3151.0921218159,0.0010134783
3152.0563482914,0.0009976253
3153.0205747669,0.0009800086
3153.9848012423,0.0009592536
3154.9490277178,0.0009351271
3155.9132541933,0.0009089786
3156.8774806687,0.0008828316
3157.8417071442,0.0008580869
3158.8059336196,0.0008355221
3159.7701600951,0.0008150592
3160.7343865706,0.0007972166
3161.6986130460,0.0007832905
3162.6628395215,0.0007737215
3163.6270659970,0.0007673163
3164.5912924724,0.0007615854
3165.5555189479,0.0007541172
3166.5197454234,0.0007438487
3167.4839718988,0.0007307541
3168.4481983743,0.0007154818
3169.4124248497,0.0006982396
3170.3766513252,0.0006793129
3171.3408778007,0.0006594795
3172.3051042761,0.0006404508
3173.2693307516,0.0006236263
3174.2335572271,0.0006097318
3175.1977837025,0.0005985075
3176.1620101780,0.0005888388
3177.1262366535,0.0005787297
3178.0904631289,0.0005657697
3179.0546896044,0.0005480410
3180.0189160799,0.0005265031
3180.9831425553,0.0005051477
3181.9473690308,0.0004890541
3182.9115955062,0.0004814092
3183.8758219817,0.0004822126
3184.8400484572,0.0004880693
3185.8042749326,0.0004955070
3186.7685014081,0.0005022451
3187.7327278836,0.0005072210
3188.6969543590,0.0005095535
3189.6611808345,0.0005085946
3190.6254073100,0.0005039296
3191.5896337854,0.0004972175
3192.5538602609,0.0004906867
3193.5180867363,0.0004857370
3194.4823132118,0.0004809946
3195.4465396873,0.0004733498
3196.4107661627,0.0004607298
3197.3749926382,0.0004443010
3198.3392191137,0.0004283651
3199.3034455891,0.0004164719
3200.2676720646,0.0004091651
3201.2318985401,0.0004040608
3202.1961250155,0.0003996561
3203.1603514910,0.0003980497
3204.1245779664,0.0004030762
3205.0888044419,0.0004163682
3206.0530309174,0.0004344803
3207.0172573928,0.0004509864
3207.9814838683,0.0004614813
3208.9457103438,0.0004672600
3209.9099368192,0.0004728056
3210.8741632947,0.0004815388
3211.8383897702,0.0004921898
3212.8026162456,0.0005005347
3213.7668427211,0.0005034113
3214.7310691965,0.0005017268
3215.6952956720,0.0004991352
3216.6595221475,0.0004996535
3217.6237486229,0.0005037223
3218.5879750984,0.0005095535
3219.5522015739,0.0005148664
3220.5164280493,0.0005195832
3221.4806545248,0.0005263476
3222.4448810003,0.0005380624
3223.4091074757,0.0005554797
3224.3733339512,0.0005749195
3225.3375604267,0.0005907051
3226.3017869021,0.0005989482
3227.2660133776,0.0006010219
3228.2302398530,0.0006022921
3229.1944663285,0.0006090059
3230.1586928040,0.0006230819
3231.1229192794,0.0006402175
3232.0871457549,0.0006528946
3233.0513722304,0.0006557722
3234.0155987058,0.0006501725
3234.9798251813,0.0006435358
3235.9440516568,0.0006458171
3236.9082781322,0.0006626425
3237.8725046077,0.0006919911
3238.8367310831,0.0007264757
3239.8009575586,0.0007587330
3240.7651840341,0.0007856245
3241.7294105095,0.0008089906
3242.6936369850,0.0008321505
3243.6578634605,0.0008560638
3244.6220899359,0.0008789409
3245.5863164114,0.0008977207
3246.5505428869,0.0009111835
3247.5147693623,0.0009199774
3248.4789958378,0.0009263329
3249.4432223132,0.0009333630
3250.4074487887,0.0009444144
3251.3716752642,0.0009623149
3252.3359017396,0.0009872732
3253.3001282151,0.0010168254
3254.2643546906,0.0010473657
3255.2285811660,0.0010768961
3256.1928076415,0.0011053904
3257.1570341170,0.0011339904
3258.1212605924,0.0011626441
3259.0854870679,0.0011902355
3260.0497135434,0.0012171797
3261.0139400188,0.0012463062
3261.9781664943,0.0012807311
3262.9423929697,0.0013202736
3263.9066194452,0.0013598977
3264.8708459207,0.0013932148
3265.8350723961,0.0014174447
3266.7992988716,0.0014367154
3267.7635253471,0.0014600126
3268.7277518225,0.0014944284
3269.6919782980,0.0015404848
3270.6562047735,0.0015918463
3271.6204312489,0.0016404336
3272.5846577244,0.0016800609
3273.5488841998,0.0017109596
3274.5131106753,0.0017368186
3275.4773371508,0.0017633289
3276.4415636262,0.0017943636
3277.4057901017,0.0018322633
3278.3700165772,0.0018773937
3279.3342430526,0.0019289249
3280.2984695281,0.0019839990
3281.2626960036,0.0020382477
3282.2269224790,0.0020873272
3283.1911489545,0.0021291024
3284.1553754299,0.0021643257
3285.1196019054,0.0021961955
3286.0838283809,0.0022285101
3287.0480548563,0.0022639236
3288.0122813318,0.0023031393
3288.9765078073,0.0023453517
3289.9407342827,0.0023873600
3290.9049607582,0.0024250511
3291.8691872337,0.0024560550
3292.8334137091,0.0024816720
3293.7976401846,0.0025073425
3294.7618666601,0.0025399146
3295.7260931355,0.0025831396
3296.6903196110,0.0026359528
3297.6545460864,0.0026930699
3298.6187725619,0.0027488142
3299.5829990374,0.0027994330
3300.5472255128,0.0028431525
3301.5114519883,0.0028791374
3302.4756784638,0.0029068382
3303.4399049392,0.0029280253
3304.4041314147,0.0029467114
3305.3683578902,0.0029688128
3306.3325843656,0.0029989432
3307.2968108411,0.0030380168
3308.2610373165,0.0030842114
3309.2252637920,0.0031353123
3310.1894902675,0.0031904094
3311.1537167429,0.0032496860
3312.1179432184,0.0033112923
3313.0821696939,0.0033712375
3314.0463961693,0.0034237553
3315.0106226448,0.0034655549
3315.9748491203,0.0034991906
3316.9390755957,0.0035324895
3317.9033020712,0.0035743779
3318.8675285466,0.0036302612
3319.8317550221,0.0036987094
3320.7959814976,0.0037722602
3321.7602079730,0.0038425587
3322.7244344485,0.0039037529
3323.6886609240,0.0039553945
3324.6528873994,0.0040007201
3325.6171138749,0.0040436727
3326.5813403504,0.0040860283
3327.5455668258,0.0041273688
3328.5097933013,0.0041661002
3329.4740197768,0.0042020376
3330.4382462522,0.0042369589
3331.4024727277,0.0042739483
3332.3666992031,0.0043154117
3333.3309256786,0.0043613235
3334.2951521541,0.0044092280
3335.2593786295,0.0044551501
3336.2236051050,0.0044968398
3337.1878315805,0.0045340080
3338.1520580559,0.0045686420
3339.1162845314,0.0046028867
3340.0805110069,0.0046384945
3341.0447374823,0.0046772971
3342.0089639578,0.0047216513
3342.9731904332,0.0047740447
3343.9374169087,0.0048344280
3344.9016433842,0.0048987987
3345.8658698596,0.0049600373
3346.8300963351,0.0050123283
3347.7943228106,0.0050551193
3348.7585492860,0.0050930949
3349.7227757615,0.0051319385
3350.6870022370,0.0051739551
3351.6512287124,0.0052160281
3352.6154551879,0.0052537820
3353.5796816633,0.0052858274
3354.5439081388,0.0053154901
3355.5081346143,0.0053480114
3356.4723610897,0.0053865891
3357.4365875652,0.0054295217
3358.4008140407,0.0054721702
3359.3650405161,0.0055102874
3360.3292669916,0.0055438457
3361.2934934671,0.0055761482
3362.2577199425,0.0056122029
3363.2219464180,0.0056544757
3364.1861728935,0.0057015265
3365.1503993689,0.0057485034
3366.1146258444,0.0057894778
3367.0788523198,0.0058205393
3368.0430787953,0.0058415541
3369.0073052708,0.0058564045
3369.9715317462,0.0058707302
3370.9357582217,0.0058897533
3371.8999846972,0.0059159934
3372.8642111726,0.0059485338
3373.8284376481,0.0059841466
3374.7926641236,0.0060190805
3375.7568905990,0.0060515497
3376.7211170745,0.0060812384
3377.6853435499,0.0061086188
3378.6495700254,0.0061344523
3379.6137965009,0.0061579244
3380.5780229763,0.0061782990
3381.5422494518,0.0061943950
3382.5064759273,0.0062055807
3383.4707024027,0.0062123029
3384.4349288782,0.0062163994
3385.3991553537,0.0062197605
3386.3633818291,0.0062241722
3387.3276083046,0.0062303958
3388.2918347800,0.0062392717
3389.2560612555,0.0062517193
3390.2202877310,0.0062694461
3391.1845142064,0.0062939497
3392.1487406819,0.0063244957
3393.1129671574,0.0063570924
3394.0771936328,0.0063861455
3395.0414201083,0.0064062686
3396.0056465838,0.0064147804
3396.9698730592,0.0064125736
3397.9340995347,0.0064037992
3398.8983260102,0.0063932384
3399.8625524856,0.0063850423
3400.8267789611,0.0063829669
3401.7910054365,0.0063894819
3402.7552319120,0.0064052963
3403.7194583875,0.0064277584
3404.6836848629,0.0064504314
3405.6479113384,0.0064653549
3406.6121378139,0.0064673256
3407.5763642893,0.0064563169
3408.5405907648,0.0064377156
3409.5048172403,0.0064194300
3410.4690437157,0.0064075817
3411.4332701912,0.0064051123
3412.3974966666,0.0064101829
3413.3617231421,0.0064177751
3414.3259496176,0.0064215846
3415.2901760930,0.0064175124
3416.2544025685,0.0064062160
3417.2186290440,0.0063923188
3418.1828555194,0.0063811806
3419.1470819949,0.0063751386
3420.1113084704,0.0063724592
3421.0755349458,0.0063685719
3422.0397614213,0.0063595618
3423.0039878967,0.0063430397
3423.9682143722,0.0063186386
3424.9324408477,0.0062875678
3425.8966673231,0.0062526125
3426.8608937986,0.0062183426
3427.8251202741,0.0061893272
3428.7893467495,0.0061688465
3429.7535732250,0.0061571104
3430.7177997005,0.0061507826
3431.6820261759,0.0061440878
3432.6462526514,0.0061312229
3433.6104791268,0.0061091967
3434.5747056023,0.0060797157
3435.5389320778,0.0060472973
3436.5031585532,0.0060166656
3437.4673850287,0.0059899995
3438.4316115042,0.0059665628
3439.3958379796,0.0059454371
3440.3600644551,0.0059264111
3441.3242909306,0.0059095123
3442.2885174060,0.0058934530
3443.2527438815,0.0058761616
3444.2169703570,0.0058556697
3445.1811968324,0.0058330274
3446.1454233079,0.0058109635
3447.1096497833,0.0057914453
3448.0738762588,0.0057739220
3449.0381027343,0.0057554808
3450.0023292097,0.0057321619
3450.9665556852,0.0057007656
3451.9307821607,0.0056605600
3452.8950086361,0.0056136451
3453.8592351116,0.0055641658
3454.8234615871,0.0055167102
3455.7876880625,0.0054737693
3456.7519145380,0.0054348167
3457.7161410134,0.0053968369
3458.6803674889,0.0053564501
3459.6445939644,0.0053127385
3460.6088204398,0.0052684024
3461.5730469153,0.0052289180
3462.5372733908,0.0051977155
3463.5014998662,0.0051739812
3464.4657263417,0.0051524485
3465.4299528172,0.0051262281
3466.3941792926,0.0050910520
3467.3584057681,0.0050466079
3468.3226322435,0.0049956739
3469.2868587190,0.0049416567
3470.2510851945,0.0048875152
3471.2153116699,0.0048363125
3472.1795381454,0.0047908211
3473.1437646209,0.0047524008
3474.1079910963,0.0047203167
3475.0722175718,0.0046911654
3476.0364440473,0.0046617808
3477.0006705227,0.0046302006
3477.9648969982,0.0045967125
3478.9291234737,0.0045624687
3479.8933499491,0.0045285937
3480.8575764246,0.0044953488
3481.8218029000,0.0044620545
3482.7860293755,0.0044282395
3483.7502558510,0.0043943226
3484.7144823264,0.0043609575
3485.6787088019,0.0043283533
3486.6429352774,0.0042942874
3487.6071617528,0.0042556757
3488.5713882283,0.0042114472
3489.5356147038,0.0041637737
3490.4998411792,0.0041179871
3491.4640676547,0.0040774313
3492.4282941301,0.0040414254
3493.3925206056,0.0040058666
3494.3567470811,0.0039666798
3495.3209735565,0.0039236043
3496.2852000320,0.0038796188
3497.2494265075,0.0038377533
3498.2136529829,0.0037984510
3499.1778794584,0.0037595439
3500.1421059339,0.0037191259
3501.1063324093,0.0036762576
3502.0705588848,0.0036315143
3503.0347853602,0.0035861491
3503.9990118357,0.0035409450
3504.9632383112,0.0034960590
3505.9274647866,0.0034527432
3506.8916912621,0.0034124842
3507.8559177376,0.0033760900
3508.8201442130,0.0033433246
3509.7843706885,0.0033123356
3510.7485971640,0.0032809575
3511.7128236394,0.0032463998
3512.6770501149,0.0032067336
3513.6412765904,0.0031618821
3514.6055030658,0.0031158619
3515.5697295413,0.0030753475
3516.5339560167,0.0030453941
3517.4981824922,0.0030249311
3518.4624089677,0.0030067107
3519.4266354431,0.0029809065
3520.3908619186,0.0029419421
3521.3550883941,0.0028919843
3522.3193148695,0.0028375245
3523.2835413450,0.0027855467
3524.2477678205,0.0027399831
3525.2119942959,0.0027015354
3526.1762207714,0.0026692636
3527.1404472468,0.0026422031
3528.1046737223,0.0026189727
3529.0689001978,0.0025987641
3530.0331266732,0.0025808741
3530.9973531487,0.0025652503
3531.9615796242,0.0025496269
3532.9258060996,0.0025303329
3533.8900325751,0.0025032030
3534.8542590506,0.0024671452
3535.8184855260,0.0024257279
3536.7827120015,0.0023855378
3537.7469384769,0.0023522747
3538.7111649524,0.0023271339
3539.6753914279,0.0023064704
3540.6396179033,0.0022848451
3541.6038443788,0.0022587713
3542.5680708543,0.0022273653
3543.5322973297,0.0021932034
3544.4965238052,0.0021580819
3545.4607502807,0.0021243158
3546.4249767561,0.0020925554
3547.3892032316,0.0020641782
3548.3534297071,0.0020401983
3549.3176561825,0.0020218631
3550.2818826580,0.0020089119
3551.2461091334,0.0019995240
3552.2103356089,0.0019912804
3553.1745620844,0.0019814246
3554.1387885598,0.0019675384
3555.1030150353,0.0019479583
3556.0672415108,0.0019230228
3557.0314679862,0.0018958527
3557.9956944617,0.0018704522
3558.9599209372,0.0018490046
3559.9241474126,0.0018298717
3560.8883738881,0.0018087120
3561.8526003635,0.0017833686
3562.8168268390,0.0017562853
3563.7810533145,0.0017327123
3564.7452797899,0.0017186003
3565.7095062654,0.0017141302
3566.6737327409,0.0017141562
3567.6379592163,0.0017146500
3568.6021856918,0.0017111156
3569.5664121673,0.0017036570
3570.5306386427,0.0016905594
3571.4948651182,0.0016732005
3572.4590915936,0.0016508272
3573.4233180691,0.0016260906
3574.3875445446,0.0016022389
3575.3517710200,0.0015823373
3576.3159974955,0.0015673728
3577.2802239710,0.0015565135
3578.2444504464,0.0015487978
3579.2086769219,0.0015441477
3580.1729033974,0.0015430826
3581.1371298728,0.0015441997
3582.1013563483,0.0015438360
3583.0655828238,0.0015380429
3584.0298092992,0.0015258075
3584.9940357747,0.0015089487
3585.9582622501,0.0014946881
3586.9224887256,0.0014859606
3587.8867152011,0.0014827137
3588.8509416765,0.0014828696
3589.8151681520,0.0014836488
3590.7793946275,0.0014852593
3591.7436211029,0.0014842462
3592.7078475784,0.0014790773
3593.6720740539,0.0014667137
3594.6363005293,0.0014480911
3595.6005270048,0.0014273396
3596.5647534802,0.0014103028
3597.5289799557,0.0013997331
3598.4932064312,0.0013945133
3599.4574329066,0.0013893715
3600.4216593821,0.0013799189
3601.3858858576,0.0013643900
3602.3501123330,0.0013441360
3603.3143388085,0.0013220652
3604.2785652840,0.0013006966
3605.2427917594,0.0012828080
3606.2070182349,0.0012713327
3607.1712447103,0.0012670491
3608.1354711858,0.0012711250
3609.0996976613,0.0012784983
3610.0639241367,0.0012852745
3611.0281506122,0.0012889613
3611.9923770877,0.0012905969
3612.9566035631,0.0012931413
3613.9208300386,0.0013005928
3614.8850565141,0.0013153404
3615.8492829895,0.0013360345
3616.8135094650,0.0013597419
3617.7777359404,0.0013802564
3618.7419624159,0.0013953962
3619.7061888914,0.0014040960
3620.6704153668,0.0014103288
3621.6346418423,0.0014154190
3622.5988683178,0.0014219637
3623.5630947932,0.0014262748
3624.5273212687,0.0014289758
3625.4915477442,0.0014318586
3626.4557742196,0.0014417019
3627.4200006951,0.0014578049
3628.3842271706,0.0014696748
3629.3484536460,0.0014706877
3630.3126801215,0.0014549998
3631.2769065969,0.0014339883
3632.2411330724,0.0014159644
3633.2053595479,0.0014109521
3634.1695860233,0.0014181719
3635.1338124988,0.0014301445
3636.0980389743,0.0014426889
3637.0622654497,0.0014529480
3638.0264919252,0.0014612593
3638.9907184007,0.0014684279
3639.9549448761,0.0014754150
3640.9191713516,0.0014827137
3641.8833978270,0.0014901945
3642.8476243025,0.0014976753
3643.8118507780,0.0015067408
3644.7760772534,0.0015196510
3645.7403037289,0.0015412382
3646.7045302044,0.0015711918
3647.6687566798,0.0016032521
3648.6329831553,0.0016353147
3649.5972096308,0.0016575573
3650.5614361062,0.0016672238
3651.5256625817,0.0016660024
3652.4898890571,0.0016655608
3653.4541155326,0.0016721610
3654.4183420081,0.0016944834
3655.3825684835,0.0017291777
3656.3467949590,0.0017683452
3657.3110214345,0.0018009139
3658.2752479099,0.0018236329
3659.2394743854,0.0018355387
3660.2037008609,0.0018438054
3661.1679273363,0.0018546979
3662.1321538118,0.0018714141
3663.0963802873,0.0018930448
3664.0606067627,0.0019152745
3665.0248332382,0.0019339692
3665.9890597136,0.0019471262
3666.9532861891,0.0019601535
3667.9175126646,0.0019781480
3668.8817391400,0.0019998620
3669.8459656155,0.0020262063
3670.8101920910,0.0020487029
3671.7744185664,0.0020705767
3672.7386450419,0.0020996043
3673.7028715174,0.0021449185
3674.6670979928,0.0022009828
3675.6313244683,0.0022582770
3676.5955509437,0.0023039982
3677.5597774192,0.0023335621
3678.5240038947,0.0023530554
3679.4882303701,0.0023708581
3680.4524568456,0.0023863709
3681.4166833211,0.0024039925
3682.3809097965,0.0024267170
3683.3451362720,0.0024569922
3684.3093627475,0.0024979177
3685.2735892229,0.0025484811
3686.2378156984,0.0026073579
3687.2020421738,0.0026643150
3688.1662686493,0.0027074742
3689.1304951248,0.0027382378
3690.0947216002,0.0027614748
3691.0589480757,0.0027838012
3692.0231745512,0.0028109746
3692.9874010266,0.0028433611
3693.9516275021,0.0028757500
3694.9158539776,0.0029107472
3695.8800804530,0.0029502821
3696.8443069285,0.0029936519
3697.8085334040,0.0030386946
3698.7727598794,0.0030830381
3699.7369863549,0.0031253786
3700.7012128303,0.0031636553
3701.6654393058,0.0031961985
3702.6296657813,0.0032245452
3703.5938922567,0.0032527375
3704.5581187322,0.0032841396
3705.5223452077,0.0033211783
3706.4865716831,0.0033616114
3707.4507981586,0.0034006655
3708.4150246341,0.0034348962
3709.3792511095,0.0034629195
3710.3434775850,0.0034922753
3711.3077040604,0.0035251824
3712.2719305359,0.0035635727
3713.2361570114,0.0036056465
3714.2003834868,0.0036488732
3715.1646099623,0.0036926526
3716.1288364378,0.0037309532
3717.0930629132,0.0037641656
3718.0572893887,0.0037907998
3719.0215158642,0.0038143022
3719.9857423396,0.0038387196
3720.9499688151,0.0038683361
3721.9141952905,0.0039042230
3722.8784217660,0.0039454941
3723.8426482415,0.0039902958
3724.8068747169,0.0040346845
3725.7711011924,0.0040745307
3726.7353276679,0.0041085272
3727.6995541433,0.0041406448
3728.6637806188,0.0041780439
3729.6280070943,0.0042272615
3730.5922335697,0.0042836992
3731.5564600452,0.0043391516
3732.5206865207,0.0043832618
3733.4849129961,0.0044167070
3734.4491394716,0.0044497624
3735.4133659470,0.0044879210
3736.3775924225,0.0045305290
3737.3418188980,0.0045726183
3738.3060453734,0.0046122526
3739.2702718489,0.0046531726
3740.2344983244,0.0046955091
3741.1987247998,0.0047440524
3742.1629512753,0.0048048240
3743.1271777508,0.0048739812
3744.0914042262,0.0049357656
3745.0556307017,0.0049855667
3746.0198571771,0.0050197914
3746.9840836526,0.0050551714
3747.9483101281,0.0050995378
3748.9125366035,0.0051583685
3749.8767630790,0.0052219229
3750.8409895545,0.0052851723
3751.8052160299,0.0053382101
3752.7694425054,0.0053795655
3753.7336689809,0.0054049096
3754.6978954563,0.0054283687
3755.6621219318,0.0054561798
3756.6263484072,0.0055013737
3757.5905748827,0.0055632219
3758.5548013582,0.0056347023
3759.5190278336,0.0057066409
3760.4832543091,0.0057723741
3761.4474807846,0.0058293282
3762.4117072600,0.0058812518
3763.3759337355,0.0059337593
3764.3401602110,0.0059907343
3765.3043866864,0.0060543320
3766.2686131619,0.0061261300
3767.2328396374,0.0062074452
3768.1970661128,0.0062940549
3769.1612925883,0.0063767936
3770.1255190637,0.0064449930
3771.0897455392,0.0064962809
3772.0539720147,0.0065373261
3773.0181984901,0.0065804515
3773.9824249656,0.0066340948
3774.9466514411,0.0066971555
3775.9108779165,0.0067672194
3776.8751043920,0.0068422118
3777.8393308675,0.0069220834
3778.8035573429,0.0070039951
3779.7677838184,0.0070832912
3780.7320102938,0.0071567330
3781.6962367693,0.0072248708
3782.6604632448,0.0072896495
3783.6246897202,0.0073538064
3784.5889161957,0.0074170507
3785.5531426712,0.0074783820
3786.5173691466,0.0075387210
3787.4815956221,0.0076013338
3788.4458220976,0.0076685403
3789.4100485730,0.0077406843
3790.3742750485,0.0078152129
3791.3385015239,0.0078890687
3792.3027279994,0.0079613291
3793.2669544749,0.0080323620
3794.2311809503,0.0081039602
3795.1954074258,0.0081731956
3796.1596339013,0.0082372725
3797.1238603767,0.0082934164
3798.0880868522,0.0083456878
3799.0523133277,0.0084054349
3800.0165398031,0.0084766457
3800.9807662786,0.0085520661
3801.9449927540,0.0086241728
3802.9092192295,0.0086845653
3803.8734457050,0.0087403450
3804.8376721804,0.0087952325
3805.8018986559,0.0088525843
3806.7661251314,0.0089062713
3807.7303516068,0.0089517729
3808.6945780823,0.0089897737
3809.6588045578,0.0090215411
3810.6230310332,0.0090536801
3811.5872575087,0.0090925358
3812.5514839842,0.0091461996
3813.5157104596,0.0092239836
3814.4799369351,0.0093205590
3815.4441634105,0.0094244843
3816.4083898860,0.0095106261
3817.3726163615,0.0095718037
3818.3368428369,0.0096166609
3819.3010693124,0.0096628191
3820.2652957879,0.0097155739
3821.2295222633,0.0097663756
3822.1937487388,0.0098025948
3823.1579752143,0.0098209968
3824.1222016897,0.0098326467
3825.0864281652,0.0098524801
3826.0506546406,0.0098851845
3827.0148811161,0.0099297026
3827.9791075916,0.0099787815
3828.9433340670,0.0100249518
3829.9075605425,0.0100629674
3830.8717870180,0.0100884270
3831.8360134934,0.0101021519
3832.8002399689,0.0101065235
3833.7644664444,0.0101081925
3834.7286929198,0.0101175988
3835.6929193953,0.0101368353
3836.6571458707,0.0101674404
3837.6213723462,0.0101978891
3838.5855988217,0.0102191968
3839.5498252971,0.0102255307
3840.5140517726,0.0102178184
3841.4782782481,0.0102010425
3842.4425047235,0.0101740127
3843.4067311990,0.0101412600
3844.3709576745,0.0101086963
3845.3351841499,0.0100813536
3846.2994106254,0.0100635234
3847.2636371009,0.0100517608
3848.2278635763,0.0100412173
3849.1920900518,0.0100252694
3850.1563165272,0.0100053493
3851.1205430027,0.0099828606
3852.0847694782,0.0099525061
3853.0489959536,0.0099197440
3854.0132224291,0.0098730028
3854.9774489046,0.0098175546
3855.9416753800,0.0097582219
3856.9059018555,0.0097098825
3857.8701283310,0.0096802618
3858.8343548064,0.0096561490
3859.7985812819,0.0096296025
3860.7628077573,0.0095904870
3861.7270342328,0.0095362924
3862.6912607083,0.0094687697
3863.6554871837,0.0093930047
3864.6197136592,0.0093087107
3865.5839401347,0.0092158662
3866.5481666101,0.0091159297
3867.5123930856,0.0090162288
3868.4766195611,0.0089232614
3869.4408460365,0.0088423872
3870.4050725120,0.0087688183
3871.3692989874,0.0086981663
3872.3335254629,0.0086232219
3873.2977519384,0.0085404767
3874.2619784138,0.0084451037
3875.2262048893,0.0083407266
3876.1904313648,0.0082352143
3877.1546578402,0.0081345541
3878.1188843157,0.0080409581
3879.0831107912,0.0079477774
3880.0473372666,0.0078493189
3881.0115637421,0.0077421600
3881.9757902176,0.0076299696
3882.9400166930,0.0075166230
3883.9042431685,0.0074022789
3884.8684696439,0.0072783567
3885.8326961194,0.0071382597
3886.7969225949,0.0069799777
3887.7611490703,0.0068123657
3888.7253755458,0.0066521787
3889.6896020213,0.0065105492
3890.6538284967,0.0063864347
3891.6180549722,0.0062679756
3892.5822814477,0.0061408058
3893.5465079231,0.0059949076
3894.5107343986,0.0058309548
3895.4749608740,0.0056580426
3896.4391873495,0.0054871649
3897.4034138250,0.0053256839
3898.3676403004,0.0051709162
3899.3318667759,0.0050176182
3900.2960932514,0.0048582223
3901.2603197268,0.0046951431
3902.2245462023,0.0045323865
3903.1887726778,0.0043741623
3904.1529991532,0.0042180344
3905.1172256287,0.0040590102
3906.0814521041,0.0038955251
3907.0456785796,0.0037265669
3908.0099050551,0.0035584571
3908.9741315305,0.0033966999
3909.9383580060,0.0032419662
3910.9025844815,0.0030938054
3911.8668109569,0.0029478322
3912.8310374324,0.0027998497
3913.7952639079,0.0026466567
3914.7594903833,0.0024892741
3915.7237168588,0.0023298925
3916.6879433343,0.0021701271
3917.6521698097,0.0020127089
3918.6163962852,0.0018577916
3919.5806227606,0.0017081009
3920.5448492361,0.0015669572
3921.5090757116,0.0014382736
3922.4733021870,0.0013233115
3923.4375286625,0.0012172835
3924.4017551380,0.0011130202
3925.3659816134,0.0010041896
3926.3302080889,0.0008903539
3927.2944345644,0.0007767037
3928.2586610398,0.0006691239
3929.2228875153,0.0005701761
3930.1871139907,0.0004763818
3931.1513404662,0.0003826596
3932.1155669417,0.0002842433
3933.0797934171,0.0001824567
3934.0440198926,0.0000843706
3935.0082463681,-0.0000019673
3935.9724728435,-0.0000725782
3936.9366993190,-0.0001327230
3937.9009257945,-0.0001913069
3938.8651522699,-0.0002551607
3939.8293787454,-0.0003255235
3940.7936052208,-0.0003999611
3941.7578316963,-0.0004750065
3942.7220581718,-0.0005504009
3943.6862846472,-0.0006251619
3944.6505111227,-0.0006964469
3945.6147375982,-0.0007604848
3946.5789640736,-0.0008146951
3947.5431905491,-0.0008587716
3948.5074170246,-0.0008946289
3949.4716435000,-0.0009250070
3950.4358699755,-0.0009538850
3951.4000964510,-0.0009867385
3952.3643229264,-0.0010278019
3953.3285494019,-0.0010763498
3954.2927758773,-0.0011261315
3955.2570023528,-0.0011692470
3956.2212288283,-0.0012025489
3957.1854553037,-0.0012297047
3958.1496817792,-0.0012582011
3959.1139082547,-0.0012936124
3960.0781347301,-0.0013354726
3961.0423612056,-0.0013785156
3962.0065876811,-0.0014178907
3962.9708141565,-0.0014523602
3963.9350406320,-0.0014847632
3964.8992671074,-0.0015190727
3965.8634935829,-0.0015564231
3966.8277200584,-0.0015938219
3967.7919465338,-0.0016254407
3968.7561730093,-0.0016459684
3969.7203994848,-0.0016548911
3970.6846259602,-0.0016580371
3971.6488524357,-0.0016668562
3972.6130789112,-0.0016906310
3973.5773053866,-0.0017325560
3974.5415318621,-0.0017855625
3975.5057583375,-0.0018361395
3976.4699848130,-0.0018713491
3977.4342112885,-0.0018874838
3978.3984377639,-0.0018896487
3979.3626642394,-0.0018887724
3980.3268907149,-0.0018945456
3981.2911171903,-0.0019101124
3982.2553436658,-0.0019328946
3983.2195701413,-0.0019560363
3984.1837966167,-0.0019730439
3985.1480230922,-0.0019802076
3986.1122495676,-0.0019788677
3987.0764760431,-0.0019736625
3988.0407025186,-0.0019707764
3989.0049289940,-0.0019744355
3989.9691554695,-0.0019857734
3990.9333819450,-0.0020028315
3991.8976084204,-0.0020218985
3992.8618348959,-0.0020407070
3993.8260613714,-0.0020585875
3994.7902878468,-0.0020756940
3995.7545143223,-0.0020919242
3996.7187407978,-0.0021046503
3997.6829672732,-0.0021103176
3998.6471937487,-0.0021076384
