999.9028550560,0.2718908489
1000.8670815315,0.2713902593
1001.8313080070,0.2708926201
1002.7955344824,0.2703973949
1003.7597609579,0.2699014246
1004.7239874333,0.2694012225
1005.6882139088,0.2688957751
1006.6524403843,0.2683866322
1007.6166668597,0.2678777277
1008.5808933352,0.2673727870
1009.5451198107,0.2668738961
1010.5093462861,0.2663811147
1011.4735727616,0.2658936977
1012.4377992371,0.2654112875
1013.4020257125,0.2649340630
1014.3662521880,0.2644629776
1015.3304786635,0.2639992237
1016.2947051389,0.2635428905
1017.2589316144,0.2630915642
1018.2231580898,0.2626406550
1019.1873845653,0.2621854842
1020.1516110408,0.2617251575
1021.1158375162,0.2612641454
1022.0800639917,0.2608104348
1023.0442904672,0.2603716850
1024.0085169426,0.2599521875
1024.9727434181,0.2595529258
1025.9369698936,0.2591732442
1026.9011963690,0.2588117123
1027.8654228445,0.2584659755
1028.8296493199,0.2581327856
1029.7938757954,0.2578088641
1030.7581022709,0.2574919462
1031.7223287463,0.2571817935
1032.6865552218,0.2568786740
1033.6507816973,0.2565825582
1034.6150081727,0.2562929392
1035.5792346482,0.2560101449
1036.5434611237,0.2557374835
1037.5076875991,0.2554811537
1038.4719140746,0.2552478909
1039.4361405500,0.2550401688
1040.4003670255,0.2548527420
1041.3645935010,0.2546712160
1042.3288199764,0.2544750571
1043.2930464519,0.2542416453
1044.2572729274,0.2539491951
1045.2214994028,0.2535777986
1046.1857258783,0.2531091869
1047.1499523538,0.2525288761
1048.1141788292,0.2518306971
1049.0784053047,0.2510226071
1050.0426317802,0.2501290739
1051.0068582556,0.2491884679
1051.9710847311,0.2482452393
1052.9353112065,0.2473394722
1053.8995376820,0.2464984208
1054.8637641575,0.2457328737
1055.8279906329,0.2450395674
1056.7922171084,0.2444069386
1057.7564435839,0.2438212931
1058.7206700593,0.2432698905
1059.6848965348,0.2427420467
1060.6491230103,0.2422289997
1061.6133494857,0.2417245358
1062.5775759612,0.2412253618
1063.5418024366,0.2407300919
1064.5060289121,0.2402369529
1065.4702553876,0.2397413701
1066.4344818630,0.2392363399
1067.3987083385,0.2387150824
1068.3629348140,0.2381753027
1069.3271612894,0.2376212627
1070.2913877649,0.2370623946
1071.2556142404,0.2365086973
1072.2198407158,0.2359660864
1073.1840671913,0.2354337722
1074.1482936667,0.2349068671
1075.1125201422,0.2343812585
1076.0767466177,0.2338581979
1077.0409730931,0.2333440185
1078.0051995686,0.2328462750
1078.9694260441,0.2323683798
1079.9336525195,0.2319074273
1080.8978789950,0.2314556986
1081.8621054705,0.2310035080
1082.8263319459,0.2305426449
1083.7905584214,0.2300669700
1084.7547848969,0.2295735329
1085.7190113723,0.2290624976
1086.6832378478,0.2285380065
1087.6474643232,0.2280070186
1088.6116907987,0.2274772376
1089.5759172742,0.2269550413
1090.5401437496,0.2264435589
1091.5043702251,0.2259426415
1092.4685967006,0.2254496515
1093.4328231760,0.2249612510
1094.3970496515,0.2244752795
1095.3612761270,0.2239916325
1096.3255026024,0.2235121578
1097.2897290779,0.2230393887
1098.2539555533,0.2225752324
1099.2181820288,0.2221204937
1100.1824085043,0.2216758877
1101.1466349797,0.2212432027
1102.1108614552,0.2208260149
1103.0750879307,0.2204290479
1104.0393144061,0.2200560868
1105.0035408816,0.2197081596
1105.9677673571,0.2193825543
1106.9319938325,0.2190738320
1107.8962203080,0.2187768221
1108.8604467834,0.2184900641
1109.8246732589,0.2182166725
1110.7888997344,0.2179629058
1111.7531262098,0.2177347690
1112.7173526853,0.2175356597
1113.6815791608,0.2173665762
1114.6458056362,0.2172279060
1115.6100321117,0.2171206474
1116.5742585872,0.2170463055
1117.5384850626,0.2170055211
1118.5027115381,0.2169976234
1119.4669380136,0.2170210481
1120.4311644890,0.2170746028
1121.3953909645,0.2171578258
1122.3596174399,0.2172703445
1123.3238439154,0.2174113691
1124.2880703909,0.2175795287
1125.2522968663,0.2177735716
1126.2165233418,0.2179933935
1127.1807498173,0.2182401121
1128.1449762927,0.2185148895
1129.1092027682,0.2188173532
1130.0734292437,0.2191453874
1131.0376557191,0.2194968164
1132.0018821946,0.2198712826
1132.9661086700,0.2202713490
1133.9303351455,0.2207001001
1134.8945616210,0.2211584747
1135.8587880964,0.2216434181
1136.8230145719,0.2221499830
1137.7872410474,0.2226734608
1138.7514675228,0.2232108265
1139.7156939983,0.2237595171
1140.6799204738,0.2243151516
1141.6441469492,0.2248702347
1142.6083734247,0.2254133672
1143.5725999001,0.2259282172
1144.5368263756,0.2263923287
1145.5010528511,0.2267788947
1146.4652793265,0.2270626575
1147.4295058020,0.2272295803
1148.3937322775,0.2272848040
1149.3579587529,0.2272538245
1150.3221852284,0.2271753699
1151.2864117039,0.2270895243
1152.2506381793,0.2270270735
1153.2148646548,0.2270051241
1154.1790911303,0.2270286977
1155.1433176057,0.2270947099
1156.1075440812,0.2271960825
1157.0717705566,0.2273234129
1158.0359970321,0.2274663150
1159.0002235076,0.2276154160
1159.9644499830,0.2277650982
1160.9286764585,0.2279144228
1161.8929029340,0.2280659676
1162.8571294094,0.2282224149
1163.8213558849,0.2283845544
1164.7855823604,0.2285517305
1165.7498088358,0.2287236452
1166.7140353113,0.2289011925
1167.6782617867,0.2290851772
1168.6424882622,0.2292742133
1169.6067147377,0.2294634879
1170.5709412131,0.2296456993
1171.5351676886,0.2298126072
1172.4993941641,0.2299558371
1173.4636206395,0.2300664783
1174.4278471150,0.2301352471
1175.3920735905,0.2301545590
1176.3563000659,0.2301209122
1177.3205265414,0.2300374657
1178.2847530168,0.2299134135
1179.2489794923,0.2297617644
1180.2132059678,0.2295959741
1181.1774324432,0.2294282764
1182.1416589187,0.2292701304
1183.1058853942,0.2291332632
1184.0701118696,0.2290303111
1185.0343383451,0.2289730310
1185.9985648206,0.2289697379
1186.9627912960,0.2290233821
1187.9270177715,0.2291315049
1188.8912442469,0.2292884737
1189.8554707224,0.2294874638
1190.8196971979,0.2297213376
1191.7839236733,0.2299819887
1192.7481501488,0.2302594483
1193.7123766243,0.2305426449
1194.6766030997,0.2308209538
1195.6408295752,0.2310863584
1196.6050560507,0.2313336730
1197.5692825261,0.2315590084
1198.5335090016,0.2317568362
1199.4977354771,0.2319187224
1200.4619619525,0.2320373058
1201.4261884280,0.2321160138
1202.3904149034,0.2321617007
1203.3546413789,0.2321816236
1204.3188678544,0.2321839184
1205.2830943298,0.2321771085
1206.2473208053,0.2321695089
1207.2115472808,0.2321688086
1208.1757737562,0.2321812212
1209.1400002317,0.2322113067
1210.1042267072,0.2322618216
1211.0684531826,0.2323335409
1212.0326796581,0.2324257046
1212.9969061335,0.2325363308
1213.9611326090,0.2326623201
1214.9253590845,0.2328001261
1215.8895855599,0.2329456657
1216.8538120354,0.2330945879
1217.8180385109,0.2332421392
1218.7822649863,0.2333832234
1219.7464914618,0.2335125208
1220.7107179373,0.2336249650
1221.6749444127,0.2337162048
1222.6391708882,0.2337830812
1223.6033973636,0.2338239253
1224.5676238391,0.2338387817
1225.5318503146,0.2338292003
1226.4960767900,0.2337976694
1227.4603032655,0.2337473333
1228.4245297410,0.2336817980
1229.3887562164,0.2336048931
1230.3529826919,0.2335202396
1231.3172091674,0.2334314287
1232.2814356428,0.2333417535
1233.2456621183,0.2332538217
1234.2098885938,0.2331698984
1235.1741150692,0.2330916226
1236.1383415447,0.2330202162
1237.1025680201,0.2329566032
1238.0667944956,0.2329013646
1239.0310209711,0.2328548580
1239.9952474465,0.2328168899
1240.9594739220,0.2327870280
1241.9237003975,0.2327645123
1242.8879268729,0.2327485830
1243.8521533484,0.2327388078
1244.8163798239,0.2327352166
1245.7806062993,0.2327384949
1246.7448327748,0.2327498198
1247.7090592502,0.2327708751
1248.6732857257,0.2328034043
1249.6375122012,0.2328489274
1250.6017386766,0.2329086661
1251.5659651521,0.2329832017
1252.5301916276,0.2330724448
1253.4944181030,0.2331755757
1254.4586445785,0.2332908511
1255.4228710540,0.2334155142
1256.3870975294,0.2335460782
1257.3513240049,0.2336780429
1258.3155504803,0.2338065803
1259.2797769558,0.2339264750
1260.2440034313,0.2340324074
1261.2082299067,0.2341195643
1262.1724563822,0.2341838330
1263.1366828577,0.2342220992
1264.1009093331,0.2342328429
1265.0651358086,0.2342161089
1266.0293622841,0.2341736704
1266.9935887595,0.2341089547
1267.9578152350,0.2340263724
1268.9220417105,0.2339309007
1269.8862681859,0.2338273823
1270.8504946614,0.2337197959
1271.8147211368,0.2336113602
1272.7789476123,0.2335041910
1273.7431740878,0.2333997041
1274.7074005632,0.2332985252
1275.6716270387,0.2332009524
1276.6358535142,0.2331067622
1277.6000799896,0.2330152988
1278.5643064651,0.2329257578
1279.5285329406,0.2328370661
1280.4927594160,0.2327482700
1281.4569858915,0.2326586992
1282.4212123669,0.2325679809
1283.3854388424,0.2324764132
1284.3496653179,0.2323845476
1285.3138917933,0.2322934121
1286.2781182688,0.2322042435
1287.2423447443,0.2321181297
1288.2065712197,0.2320362031
1289.1707976952,0.2319591790
1290.1350241707,0.2318878621
1291.0992506461,0.2318225205
1292.0634771216,0.2317634672
1293.0277035970,0.2317105383
1293.9919300725,0.2316636741
1294.9561565480,0.2316222340
1295.9203830234,0.2315857410
1296.8846094989,0.2315535396
1297.8488359744,0.2315251231
1298.8130624498,0.2315000743
1299.7772889253,0.2314784527
1300.7415154008,0.2314603776
1301.7057418762,0.2314462513
1302.6699683517,0.2314363420
1303.6341948272,0.2314308286
1304.5984213026,0.2314296365
1305.5626477781,0.2314324528
1306.5268742535,0.2314391583
1307.4911007290,0.2314495295
1308.4553272045,0.2314636856
1309.4195536799,0.2314818501
1310.3837801554,0.2315042168
1311.3480066309,0.2315308154
1312.3122331063,0.2315613031
1313.2764595818,0.2315950990
1314.2406860573,0.2316314578
1315.2049125327,0.2316695452
1316.1691390082,0.2317086011
1317.1333654836,0.2317478806
1318.0975919591,0.2317864150
1319.0618184346,0.2318230122
1320.0260449100,0.2318563461
1320.9902713855,0.2318850011
1321.9544978610,0.2319079489
1322.9187243364,0.2319246083
1323.8829508119,0.2319349796
1324.8471772874,0.2319397479
1325.8114037628,0.2319400609
1326.7756302383,0.2319373190
1327.7398567137,0.2319332510
1328.7040831892,0.2319293767
1329.6683096647,0.2319269925
1330.6325361401,0.2319271117
1331.5967626156,0.2319303006
1332.5609890911,0.2319367826
1333.5252155665,0.2319462448
1334.4894420420,0.2319581211
1335.4536685175,0.2319713235
1336.4178949929,0.2319847047
1337.3821214684,0.2319971621
1338.3463479439,0.2320077121
1339.3105744193,0.2320159227
1340.2748008948,0.2320216298
1341.2390273702,0.2320249826
1342.2032538457,0.2320261747
1343.1674803212,0.2320252061
1344.1317067966,0.2320218831
1345.0959332721,0.2320159674
1346.0601597476,0.2320073992
1347.0243862230,0.2319966257
1347.9886126985,0.2319843024
1348.9528391740,0.2319715917
1349.9170656494,0.2319593579
1350.8812921249,0.2319485843
1351.8455186003,0.2319394797
1352.8097450758,0.2319319248
1353.7739715513,0.2319254428
1354.7381980267,0.2319191247
1355.7024245022,0.2319121957
1356.6666509777,0.2319038957
1357.6308774531,0.2318937778
1358.5951039286,0.2318817675
1359.5593304041,0.2318681329
1360.5235568795,0.2318532020
1361.4877833550,0.2318374068
1362.4520098304,0.2318211943
1363.4162363059,0.2318049520
1364.3804627814,0.2317886651
1365.3446892568,0.2317718416
1366.3089157323,0.2317534387
1367.2731422078,0.2317317724
1368.2373686832,0.2317047119
1369.2015951587,0.2316706032
1370.1658216342,0.2316281945
1371.1300481096,0.2315775901
1372.0942745851,0.2315202355
1373.0585010605,0.2314587384
1374.0227275360,0.2313967347
1374.9869540115,0.2313384265
1375.9511804869,0.2312879860
1376.9154069624,0.2312488854
1377.8796334379,0.2312234044
1378.8438599133,0.2312125117
1379.8080863888,0.2312162071
1380.7723128643,0.2312339395
1381.7365393397,0.2312647104
1382.7007658152,0.2313073874
1383.6649922907,0.2313603908
1384.6292187661,0.2314215600
1385.5934452416,0.2314878553
1386.5576717170,0.2315559238
1387.5218981925,0.2316224575
1388.4861246680,0.2316849828
1389.4503511434,0.2317424566
1390.4145776189,0.2317948043
1391.3788040944,0.2318426073
1392.3430305698,0.2318862379
1393.3072570453,0.2319254875
1394.2714835208,0.2319597453
1395.2357099962,0.2319886833
1396.1999364717,0.2320122123
1397.1641629471,0.2320309430
1398.1283894226,0.2320455611
1399.0926158981,0.2320571840
1400.0568423735,0.2320671976
1401.0210688490,0.2320772707
1401.9852953245,0.2320889384
1402.9495217999,0.2321036458
1403.9137482754,0.2321218848
1404.8779747509,0.2321438491
1405.8422012263,0.2321692556
1406.8064277018,0.2321979254
1407.7706541772,0.2322297394
1408.7348806527,0.2322648615
1409.6991071282,0.2323034406
1410.6633336036,0.2323457897
1411.6275600791,0.2323922366
1412.5917865546,0.2324434370
1413.5560130300,0.2324997634
1414.5202395055,0.2325613946
1415.4844659810,0.2326279134
1416.4486924564,0.2326978445
1417.4129189319,0.2327687591
1418.3771454074,0.2328376025
1419.3413718828,0.2329015881
1420.3055983583,0.2329590321
1421.2698248337,0.2330096364
1422.2340513092,0.2330541611
1423.1982777847,0.2330937833
1424.1625042601,0.2331296951
1425.1267307356,0.2331630439
1426.0909572111,0.2331952751
1427.0551836865,0.2332280576
1428.0194101620,0.2332630903
1428.9836366375,0.2333016247
1429.9478631129,0.2333446294
1430.9120895884,0.2333928794
1431.8763160638,0.2334469855
1432.8405425393,0.2335072011
1433.8047690148,0.2335731536
1434.7689954902,0.2336432338
1435.7332219657,0.2337151468
1436.6974484412,0.2337866277
1437.6616749166,0.2338567823
1438.6259013921,0.2339266390
1439.5901278676,0.2339989543
1440.5543543430,0.2340768278
1441.5185808185,0.2341628373
1442.4828072939,0.2342585921
1443.4470337694,0.2343644798
1444.4112602449,0.2344802171
1445.3754867203,0.2346048653
1446.3397131958,0.2347373217
1447.3039396713,0.2348766774
1448.2681661467,0.2350226492
1449.2323926222,0.2351761162
1450.1966190977,0.2353388369
1451.1608455731,0.2355130613
1452.1250720486,0.2357012033
1453.0892985241,0.2359047681
1454.0535249995,0.2361240685
1455.0177514750,0.2363576591
1455.9819779504,0.2366032153
1456.9462044259,0.2368587852
1457.9104309014,0.2371241897
1458.8746573768,0.2374016047
1459.8388838523,0.2376946062
1460.8031103278,0.2380061448
1461.7673368032,0.2383370101
1462.7315632787,0.2386850715
1463.6957897542,0.2390456647
1464.6600162296,0.2394131273
1465.6242427051,0.2397821993
1466.5884691805,0.2401491553
1467.5526956560,0.2405122370
1468.5169221315,0.2408710569
1469.4811486069,0.2412258536
1470.4453750824,0.2415763885
1471.4096015579,0.2419219017
1472.3738280333,0.2422613204
1473.3380545088,0.2425941378
1474.3022809843,0.2429210395
1475.2665074597,0.2432439178
1476.2307339352,0.2435652912
1477.1949604106,0.2438876033
1478.1591868861,0.2442132235
1479.1234133616,0.2445439249
1480.0876398370,0.2448810488
1481.0518663125,0.2452252358
1482.0160927880,0.2455767840
1482.9803192634,0.2459355742
1483.9445457389,0.2463010550
1484.9087722144,0.2466723770
1485.8729986898,0.2470482737
1486.8372251653,0.2474271804
1487.8014516408,0.2478077561
1488.7656781162,0.2481888086
1489.7299045917,0.2485700101
1490.6941310671,0.2489518970
1491.6583575426,0.2493359745
1492.6225840181,0.2497241199
1493.5868104935,0.2501180470
1494.5510369690,0.2505183220
1495.5152634445,0.2509246767
1496.4794899199,0.2513364851
1497.4437163954,0.2517542839
1498.4079428709,0.2521799803
1499.3721693463,0.2526171207
1500.3363958218,0.2530696690
1501.3006222972,0.2535412312
1502.2648487727,0.2540338933
1503.2290752482,0.2545470595
1504.1933017236,0.2550770640
1505.1575281991,0.2556176484
1506.1217546746,0.2561617196
1507.0859811500,0.2567040026
1508.0502076255,0.2572430670
1509.0144341010,0.2577816248
1509.9786605764,0.2583246529
1510.9428870519,0.2588776350
1511.9071135273,0.2594449520
1512.8713400028,0.2600298226
1513.8355664783,0.2606345415
1514.7997929537,0.2612602711
1515.7640194292,0.2619075775
1516.7282459047,0.2625761628
1517.6924723801,0.2632651925
1518.6566988556,0.2639732659
1519.6209253311,0.2646981478
1520.5851518065,0.2654370368
1521.5493782820,0.2661875486
1522.5136047575,0.2669487894
1523.4778312329,0.2677216232
1524.4420577084,0.2685084343
1525.4062841838,0.2693124413
1526.3705106593,0.2701366544
1527.3347371348,0.2709842026
1528.2989636102,0.2718582153
1529.2631900857,0.2727618515
1530.2274165612,0.2736973763
1531.1916430366,0.2746664286
1532.1558695121,0.2756691575
1533.1200959876,0.2767049074
1534.0843224630,0.2777727842
1535.0485489385,0.2788721919
1536.0127754139,0.2800022662
1536.9770018894,0.2811609805
1537.9412283649,0.2823441029
1538.9054548403,0.2835460901
1539.8696813158,0.2847616673
1540.8339077913,0.2859886885
1541.7981342667,0.2872286439
1542.7623607422,0.2884864211
1543.7265872177,0.2897688448
1544.6908136931,0.2910834551
1545.6550401686,0.2924370766
1546.6192666440,0.2938359380
1547.5834931195,0.2952851355
1548.5477195950,0.2967886031
1549.5119460704,0.2983492017
1550.4761725459,0.2999688387
1551.4403990214,0.3016486764
1552.4046254968,0.3033891022
1553.3688519723,0.3051897585
1554.3330784478,0.3070492148
1555.2973049232,0.3089653254
1556.2615313987,0.3109349310
1557.2257578741,0.3129533827
1558.1899843496,0.3150152266
1559.1542108251,0.3171164393
1560.1184373005,0.3192563951
1561.0826637760,0.3214393854
1562.0468902515,0.3236738443
1563.0111167269,0.3259699047
1563.9753432024,0.3283367455
1564.9395696779,0.3307809234
1565.9037961533,0.3333064318
1566.8680226288,0.3359152377
1567.8322491043,0.3386077881
1568.7964755797,0.3413839042
1569.7607020552,0.3442433178
1570.7249285306,0.3471867442
1571.6891550061,0.3502161801
1572.6533814816,0.3533342481
1573.6176079570,0.3565432727
1574.5818344325,0.3598440886
1575.5460609080,0.3632367551
1576.5102873834,0.3667217493
1577.4745138589,0.3703017235
1578.4387403344,0.3739818335
1579.4029668098,0.3777691424
1580.3671932853,0.3816708028
1581.3314197607,0.3856931329
1582.2956462362,0.3898413181
1583.2598727117,0.3941199481
1584.2240991871,0.3985331357
1585.1883256626,0.4030847847
1586.1525521381,0.4077786207
1587.1167786135,0.4126179814
1588.0810050890,0.4176060855
1589.0452315645,0.4227455854
1590.0094580399,0.4280390441
1590.9736845154,0.4334886670
1591.9379109908,0.4390963316
1592.9021374663,0.4448641241
1593.8663639418,0.4507941604
1594.8305904172,0.4568884671
1595.7948168927,0.4631492496
1596.7590433682,0.4695782959
1597.7232698436,0.4761767983
1598.6874963191,0.4829449356
1599.6517227946,0.4898816049
1600.6159492700,0.4969844222
1601.5801757455,0.5042499304
1602.5444022210,0.5116735101
1603.5086286964,0.5192496181
1604.4728551719,0.5269716978
1605.4370816473,0.5348319411
1606.4013081228,0.5428211689
1607.3655345983,0.5509282947
1608.3297610737,0.5591403246
1609.2939875492,0.5674423575
1610.2582140247,0.5758171082
1611.2224405001,0.5842450261
1612.1866669756,0.5927043557
1613.1508934511,0.6011707783
1614.1151199265,0.6096173525
1615.0793464020,0.6180139780
1616.0435728774,0.6263285279
1617.0077993529,0.6345279217
1617.9720258284,0.6425802708
1618.9362523038,0.6504554152
1619.9004787793,0.6581248641
1620.8647052548,0.6655597687
1621.8289317302,0.6727305055
1622.7931582057,0.6796061993
1623.7573846812,0.6861559749
1624.7216111566,0.6923502684
1625.6858376321,0.6981608868
1626.6500641075,0.7035617828
1627.6142905830,0.7085289955
1628.5785170585,0.7130413651
1629.5427435339,0.7170810103
1630.5069700094,0.7206338048
1631.4711964849,0.7236893773
1632.4354229603,0.7262402773
1633.3996494358,0.7282809615
1634.3638759113,0.7298081517
1635.3281023867,0.7308207750
1636.2923288622,0.7313217521
1637.2565553377,0.7313185334
1638.2207818131,0.7308232784
1639.1850082886,0.7298516035
1640.1492347640,0.7284209728
1641.1134612395,0.7265496254
1642.0776877150,0.7242559791
1643.0419141904,0.7215578556
1644.0061406659,0.7184722424
1644.9703671414,0.7150151730
1645.9345936168,0.7112025619
1646.8988200923,0.7070512176
1647.8630465678,0.7025788426
1648.8272730432,0.6978037953
1649.7914995187,0.6927432418
1650.7557259941,0.6874122620
1651.7199524696,0.6818236709
1652.6841789451,0.6759911180
1653.6484054205,0.6699312925
1654.6126318960,0.6636658311
1655.5768583715,0.6572194099
1656.5410848469,0.6506160498
1657.5053113224,0.6438764334
1658.4695377979,0.6370165348
1659.4337642733,0.6300475597
1660.3979907488,0.6229780912
1661.3622172242,0.6158149242
1662.3264436997,0.6085648537
1663.2906701752,0.6012352705
1664.2548966506,0.5938350558
1665.2191231261,0.5863739252
1666.1833496016,0.5788608789
1667.1475760770,0.5713034272
1668.1118025525,0.5637073517
1669.0760290280,0.5560771823
1670.0402555034,0.5484170318
1671.0044819789,0.5407314897
1671.9687084544,0.5330256224
1672.9329349298,0.5253043771
1673.8971614053,0.5175723433
1674.8613878807,0.5098341107
1675.8256143562,0.5020952225
1676.7898408317,0.4943624735
1677.7540673071,0.4866433740
1678.7182937826,0.4789451063
1679.6825202581,0.4712728858
1680.6467467335,0.4636298120
1681.6109732090,0.4560162723
1682.5751996845,0.4484312236
1683.5394261599,0.4408733845
1684.5036526354,0.4333434403
1685.4678791108,0.4258456826
1686.4321055863,0.4183886945
1687.3963320618,0.4109836519
1688.3605585372,0.4036418200
1689.3247850127,0.3963727951
1690.2890114882,0.3891840279
1691.2532379636,0.3820808828
1692.2174644391,0.3750669360
1693.1816909146,0.3681436479
1694.1459173900,0.3613104522
1695.1101438655,0.3545657098
1696.0743703409,0.3479082882
1697.0385968164,0.3413386345
1698.0028232919,0.3348586857
1698.9670497673,0.3284708560
1699.9312762428,0.3221774101
1700.8955027183,0.3159810305
1701.8597291937,0.3098858595
1702.8239556692,0.3038973212
1703.7881821447,0.2980206907
1704.7524086201,0.2922597826
1705.7166350956,0.2866168916
1706.6808615711,0.2810936272
1707.6450880465,0.2756914794
1708.6093145220,0.2704120576
1709.5735409974,0.2652565837
1710.5377674729,0.2602255940
1711.5019939484,0.2553183436
1712.4662204238,0.2505331933
1713.4304468993,0.2458669990
1714.3946733748,0.2413154989
1715.3588998502,0.2368736118
1716.3231263257,0.2325356603
1717.2873528012,0.2282972783
1718.2515792766,0.2241559029
1719.2158057521,0.2201118916
1720.1800322275,0.2161675394
1721.1442587030,0.2123257071
1722.1084851785,0.2085884064
1723.0727116539,0.2049561441
1724.0369381294,0.2014279962
1725.0011646049,0.1980022937
1725.9653910803,0.1946770251
1726.9296175558,0.1914497763
1727.8938440313,0.1883179843
1728.8580705067,0.1852786541
1729.8222969822,0.1823280603
1730.7865234576,0.1794616729
1731.7507499331,0.1766737998
1732.7149764086,0.1739579141
1733.6792028840,0.1713079363
1734.6434293595,0.1687198877
1735.6076558350,0.1661928296
1736.5718823104,0.1637283415
1737.5361087859,0.1613286585
1738.5003352614,0.1589947492
1739.4645617368,0.1567261666
1740.4287882123,0.1545211971
1741.3930146877,0.1523781121
1742.3572411632,0.1502953768
1743.3214676387,0.1482716650
1744.2856941141,0.1463056058
1745.2499205896,0.1443955749
1746.2141470651,0.1425396204
1747.1783735405,0.1407353431
1748.1426000160,0.1389797032
1749.1068264915,0.1372691542
1750.0710529669,0.1356001943
1751.0352794424,0.1339697242
1751.9995059179,0.1323761046
1752.9637323933,0.1308191121
1753.9279588688,0.1292996705
1754.8921853442,0.1278187037
1755.8564118197,0.1263763756
1756.8206382952,0.1249718741
1757.7848647706,0.1236038655
1758.7490912461,0.1222709566
1759.7133177216,0.1209716797
1760.6775441970,0.1197046116
1761.6417706725,0.1184683666
1762.6059971480,0.1172620729
1763.5702236234,0.1160857081
1764.5344500989,0.1149396375
1765.4986765743,0.1138242036
1766.4629030498,0.1127389744
1767.4271295253,0.1116826609
1768.3913560007,0.1106534228
1769.3555824762,0.1096492782
1770.3198089517,0.1086680293
1771.2840354271,0.1077075601
1772.2482619026,0.1067658365
1773.2124883781,0.1058416069
1774.1767148535,0.1049349606
1775.1409413290,0.1040472090
1776.1051678044,0.1031801403
1777.0693942799,0.1023353115
1778.0336207554,0.1015135795
1778.9978472308,0.1007150039
1779.9620737063,0.0999391750
1780.9263001818,0.0991854444
1781.8905266572,0.0984529257
1782.8547531327,0.0977406725
1783.8189796082,0.0970475152
1784.7832060836,0.0963723287
1785.7474325591,0.0957141370
1786.7116590346,0.0950723737
1787.6758855100,0.0944467708
1788.6401119855,0.0938369483
1789.6043384609,0.0932419971
1790.5685649364,0.0926603898
1791.5327914119,0.0920903459
1792.4970178873,0.0915303230
1793.4612443628,0.0909798890
1794.4254708383,0.0904396772
1795.3896973137,0.0899111331
1796.3539237892,0.0893955603
1797.3181502647,0.0888936594
1798.2823767401,0.0884052813
1799.2466032156,0.0879295319
1800.2108296910,0.0874652863
1801.1750561665,0.0870113745
1802.1392826420,0.0865671560
1803.1035091174,0.0861323625
1804.0677355929,0.0857071802
1805.0319620684,0.0852917954
1805.9961885438,0.0848863497
1806.9604150193,0.0844908729
1807.9246414948,0.0841051489
1808.8888679702,0.0837289318
1809.8530944457,0.0833618864
1810.8173209211,0.0830036998
1811.7815473966,0.0826541111
1812.7457738721,0.0823128745
1813.7100003475,0.0819798186
1814.6742268230,0.0816547349
1815.6384532985,0.0813373849
1816.6026797739,0.0810274705
1817.5669062494,0.0807248503
1818.5311327249,0.0804295838
1819.4953592003,0.0801418275
1820.4595856758,0.0798618570
1821.4238121513,0.0795896202
1822.3880386267,0.0793248862
1823.3522651022,0.0790669918
1824.3164915776,0.0788150802
1825.2807180531,0.0785683468
1826.2449445286,0.0783263072
1827.2091710040,0.0780887455
1828.1733974795,0.0778554529
1829.1376239550,0.0776260719
1830.1018504304,0.0774002746
1831.0660769059,0.0771778971
1832.0303033814,0.0769593492
1832.9945298568,0.0767453536
1833.9587563323,0.0765369013
1834.9229828077,0.0763347521
1835.8872092832,0.0761395097
1836.8514357587,0.0759516954
1837.8156622341,0.0757716373
1838.7798887096,0.0755993873
1839.7441151851,0.0754347518
1840.7083416605,0.0752768219
1841.6725681360,0.0751241893
1842.6367946115,0.0749746487
1843.6010210869,0.0748260245
1844.5652475624,0.0746766850
1845.5294740378,0.0745263472
1846.4937005133,0.0743760616
1847.4579269888,0.0742275789
1848.4221534642,0.0740828663
1849.3863799397,0.0739433244
1850.3506064152,0.0738098398
1851.3148328906,0.0736828372
1852.2790593661,0.0735622495
1853.2432858416,0.0734477639
1854.2075123170,0.0733388290
1855.1717387925,0.0732348859
1856.1359652680,0.0731353089
1857.1001917434,0.0730396509
1858.0644182189,0.0729475692
1859.0286446943,0.0728587806
1859.9928711698,0.0727731586
1860.9570976453,0.0726907104
1861.9213241207,0.0726114511
1862.8855505962,0.0725356713
1863.8497770717,0.0724636018
1864.8140035471,0.0723954663
1865.7782300226,0.0723311231
1866.7424564981,0.0722700357
1867.7066829735,0.0722113699
1868.6709094490,0.0721541792
1869.6351359244,0.0720979422
1870.5993623999,0.0720427856
1871.5635888754,0.0719894990
1872.5278153508,0.0719390586
1873.4920418263,0.0718924776
1874.4562683018,0.0718503520
1875.4204947772,0.0718129426
1876.3847212527,0.0717802346
1877.3489477282,0.0717520118
1878.3131742036,0.0717279240
1879.2774006791,0.0717074946
1880.2416271545,0.0716901496
1881.2058536300,0.0716754943
1882.1700801055,0.0716632232
1883.1343065809,0.0716532990
1884.0985330564,0.0716458261
1885.0627595319,0.0716410875
1886.0269860073,0.0716394410
1886.9912124828,0.0716411248
1887.9554389583,0.0716463104
1888.9196654337,0.0716548264
1889.8838919092,0.0716664642
1890.8481183847,0.0716810524
1891.8123448601,0.0716983974
1892.7765713356,0.0717185214
1893.7407978110,0.0717413872
1894.7050242865,0.0717670694
1895.6692507620,0.0717956871
1896.6334772374,0.0718273818
1897.5977037129,0.0718624815
1898.5619301884,0.0719010606
1899.5261566638,0.0719432756
1900.4903831393,0.0719891340
1901.4546096148,0.0720386654
1902.4188360902,0.0720918924
1903.3830625657,0.0721487999
1904.3472890411,0.0722093806
1905.3115155166,0.0722735524
1906.2757419921,0.0723410621
1907.2399684675,0.0724116117
1908.2041949430,0.0724848360
1909.1684214185,0.0725603625
1910.1326478939,0.0726379529
1911.0968743694,0.0727176666
1912.0611008449,0.0727997571
1913.0253273203,0.0728847980
1913.9895537958,0.0729732588
1914.9537802712,0.0730655640
1915.9180067467,0.0731617510
1916.8822332222,0.0732615069
1917.8464596976,0.0733644217
1918.8106861731,0.0734700859
1919.7749126486,0.0735785291
1920.7391391240,0.0736899823
1921.7033655995,0.0738048032
1922.6675920750,0.0739231557
1923.6318185504,0.0740451664
1924.5960450259,0.0741708279
1925.5602715013,0.0743001252
1926.5244979768,0.0744329020
1927.4887244523,0.0745690390
1928.4529509277,0.0747082904
1929.4171774032,0.0748504475
1930.3814038787,0.0749954134
1931.3456303541,0.0751432404
1932.3098568296,0.0752940327
1933.2740833051,0.0754479617
1934.2383097805,0.0756053030
1935.2025362560,0.0757663101
1936.1667627315,0.0759313479
1937.1309892069,0.0761007369
1938.0952156824,0.0762746707
1939.0594421578,0.0764531493
1940.0236686333,0.0766358972
1940.9878951088,0.0768222436
1941.9521215842,0.0770114884
1942.9163480597,0.0772029459
1943.8805745352,0.0773962513
1944.8448010106,0.0775915906
1945.8090274861,0.0777892470
1946.7732539616,0.0779897571
1947.7374804370,0.0781934261
1948.7017069125,0.0784004107
1949.6659333879,0.0786108747
1950.6301598634,0.0788247064
1951.5943863389,0.0790418386
1952.5586128143,0.0792620927
1953.5228392898,0.0794852823
1954.4870657653,0.0797113925
1955.4512922407,0.0799404234
1956.4155187162,0.0801726505
1957.3797451917,0.0804083645
1958.3439716671,0.0806477964
1959.3081981426,0.0808910131
1960.2724246180,0.0811377317
1961.2366510935,0.0813874304
1962.2008775690,0.0816394910
1963.1651040444,0.0818933845
1964.1293305199,0.0821488351
1965.0935569954,0.0824057460
1966.0577834708,0.0826642588
1967.0220099463,0.0829246119
1967.9862364218,0.0831870064
1968.9504628972,0.0834515914
1969.9146893727,0.0837185681
1970.8789158482,0.0839880407
1971.8431423236,0.0842601210
1972.8073687991,0.0845348686
1973.7715952745,0.0848123580
1974.7358217500,0.0850926489
1975.7000482255,0.0853756368
1976.6642747009,0.0856612027
1977.6285011764,0.0859491080
1978.5927276519,0.0862391889
1979.5569541273,0.0865312666
1980.5211806028,0.0868253708
1981.4854070783,0.0871215165
1982.4496335537,0.0874196663
1983.4138600292,0.0877198502
1984.3780865046,0.0880220234
1985.3423129801,0.0883261561
1986.3065394556,0.0886323676
1987.2707659310,0.0889408663
1988.2349924065,0.0892516822
1989.1992188820,0.0895647854
1990.1634453574,0.0898798332
1991.1276718329,0.0901962891
1992.0918983084,0.0905135497
1993.0561247838,0.0908312351
1994.0203512593,0.0911491811
1994.9845777347,0.0914676562
1995.9488042102,0.0917869657
1996.9130306857,0.0921074376
1997.8772571611,0.0924293995
1998.8414836366,0.0927529112
1999.8057101121,0.0930778459
2000.7699365875,0.0934038982
2001.7341630630,0.0937307104
2002.6983895385,0.0940578952
2003.6626160139,0.0943852291
2004.6268424894,0.0947125182
2005.5910689649,0.0950398296
2006.5552954403,0.0953671336
2007.5195219158,0.0956944227
2008.4837483912,0.0960217342
2009.4479748667,0.0963490978
2010.4122013422,0.0966765806
2011.3764278176,0.0970043093
2012.3406542931,0.0973324105
2013.3048807686,0.0976608917
2014.2691072440,0.0979897603
2015.2333337195,0.0983187407
2016.1975601950,0.0986477062
2017.1617866704,0.0989763737
2018.1260131459,0.0993046090
2019.0902396213,0.0996323377
2020.0544660968,0.0999595746
2021.0186925723,0.1002862975
2021.9829190477,0.1006126180
2022.9471455232,0.1009386927
2023.9113719987,0.1012645885
2024.8755984741,0.1015904024
2025.8398249496,0.1019160375
2026.8040514251,0.1022411287
2027.7682779005,0.1025652513
2028.7325043760,0.1028879061
2029.6967308514,0.1032086387
2030.6609573269,0.1035271734
2031.6251838024,0.1038434133
2032.5894102778,0.1041572839
2033.5536367533,0.1044689789
2034.5178632288,0.1047785506
2035.4820897042,0.1050863713
2036.4463161797,0.1053927317
2037.4105426552,0.1056980491
2038.3747691306,0.1060026884
2039.3389956061,0.1063069105
2040.3032220816,0.1066107228
2041.2674485570,0.1069137827
2042.2316750325,0.1072157025
2043.1959015079,0.1075159684
2044.1601279834,0.1078142226
2045.1243544589,0.1081100926
2046.0885809343,0.1084034070
2047.0528074098,0.1086939946
2048.0170338853,0.1089816466
2048.9812603607,0.1092662886
2049.9454868362,0.1095476970
2050.9097133117,0.1098257750
2051.8739397871,0.1101004705
2052.8381662626,0.1103717685
2053.8023927380,0.1106398329
2054.7666192135,0.1109048799
2055.7308456890,0.1111671850
2056.6950721644,0.1114269346
2057.6592986399,0.1116843000
2058.6235251154,0.1119394377
2059.5877515908,0.1121924445
2060.5519780663,0.1124435216
2061.5162045418,0.1126929000
2062.4804310172,0.1129406393
2063.4446574927,0.1131868064
2064.4088839681,0.1134311333
2065.3731104436,0.1136732027
2066.3373369191,0.1139126197
2067.3015633945,0.1141489372
2068.2657898700,0.1143818796
2069.2300163455,0.1146112382
2070.1942428209,0.1148369089
2071.1584692964,0.1150587499
2072.1226957719,0.1152766496
2073.0869222473,0.1154903769
2074.0511487228,0.1156996787
2075.0153751983,0.1159043461
2075.9796016737,0.1161042079
2076.9438281492,0.1162992567
2077.9080546246,0.1164895147
2078.8722811001,0.1166751534
2079.8365075756,0.1168560907
2080.8007340510,0.1170324311
2081.7649605265,0.1172039956
2082.7291870020,0.1173708737
2083.6934134774,0.1175330654
2084.6576399529,0.1176907718
2085.6218664284,0.1178442240
2086.5860929038,0.1179935485
2087.5503193793,0.1181387529
2088.5145458547,0.1182796806
2089.4787723302,0.1184161752
2090.4429988057,0.1185480431
2091.4072252811,0.1186753288
2092.3714517566,0.1187982261
2093.3356782321,0.1189169735
2094.2999047075,0.1190318391
2095.2641311830,0.1191428155
2096.2283576585,0.1192497015
2097.1925841339,0.1193520799
2098.1568106094,0.1194494739
2099.1210370848,0.1195414662
2100.0852635603,0.1196276546
2101.0494900358,0.1197081208
2102.0137165112,0.1197840050
2102.9779429867,0.1198555008
2103.9421694622,0.1199218258
2104.9063959376,0.1199826226
2105.8706224131,0.1200387627
2106.8348488886,0.1200916618
2107.7990753640,0.1201419756
2108.7633018395,0.1201889142
2109.7275283149,0.1202306673
2110.6917547904,0.1202658340
2111.6559812659,0.1202940047
2112.6202077413,0.1203155890
2113.5844342168,0.1203309521
2114.5486606923,0.1203400046
2115.5128871677,0.1203423962
2116.4771136432,0.1203380898
2117.4413401187,0.1203274354
2118.4055665941,0.1203111857
2119.3697930696,0.1202900782
2120.3340195451,0.1202644035
2121.2982460205,0.1202341169
2122.2624724960,0.1201986447
2123.2266989714,0.1201574355
2124.1909254469,0.1201103330
2125.1551519224,0.1200580746
2126.1193783978,0.1200019047
2127.0836048733,0.1199426726
2128.0478313488,0.1198804080
2129.0120578242,0.1198142618
2129.9762842997,0.1197432876
2130.9405107752,0.1196671724
2131.9047372506,0.1195860952
2132.8689637261,0.1195000857
2133.8331902015,0.1194088534
2134.7974166770,0.1193117425
2135.7616431525,0.1192083135
2136.7258696279,0.1190989241
2137.6900961034,0.1189842746
2138.6543225789,0.1188651025
2139.6185490543,0.1187415719
2140.5827755298,0.1186133474
2141.5470020053,0.1184797585
2142.5112284807,0.1183402911
2143.4754549562,0.1181947887
2144.4396814316,0.1180435196
2145.4039079071,0.1178872809
2146.3681343826,0.1177268550
2147.3323608580,0.1175624207
2148.2965873335,0.1173935682
2149.2608138090,0.1172197610
2150.2250402844,0.1170415804
2151.1892667599,0.1168605983
2152.1534932354,0.1166787073
2153.1177197108,0.1164963841
2154.0819461863,0.1163123176
2155.0461726618,0.1161239222
2156.0103991372,0.1159291267
2156.9746256127,0.1157274172
2157.9388520881,0.1155198961
2158.9030785636,0.1153082177
2159.8673050391,0.1150936335
2160.8315315145,0.1148765683
2161.7957579900,0.1146566048
2162.7599844655,0.1144332215
2163.7242109409,0.1142063439
2164.6884374164,0.1139763892
2165.6526638919,0.1137439013
2166.6168903673,0.1135087162
2167.5811168428,0.1132696867
2168.5453433182,0.1130250543
2169.5095697937,0.1127736345
2170.4737962692,0.1125154942
2171.4380227446,0.1122521758
2172.4022492201,0.1119858623
2173.3664756956,0.1117187813
2174.3307021710,0.1114526987
2175.2949286465,0.1111884862
2176.2591551220,0.1109258682
2177.2233815974,0.1106635109
2178.1876080729,0.1103996411
2179.1518345483,0.1101326644
2180.1160610238,0.1098615453
2181.0802874993,0.1095856056
2182.0445139747,0.1093043759
2183.0087404502,0.1090180054
2183.9729669257,0.1087271422
2184.9371934011,0.1084331125
2185.9014198766,0.1081371531
2186.8656463521,0.1078396738
2187.8298728275,0.1075404063
2188.7940993030,0.1072389334
2189.7583257785,0.1069353074
2190.7225522539,0.1066305116
2191.6867787294,0.1063256264
2192.6510052048,0.1060215905
2193.6152316803,0.1057186499
2194.5794581558,0.1054162234
2195.5436846312,0.1051132157
2196.5079111067,0.1048084423
2197.4721375822,0.1045010835
2198.4363640576,0.1041907445
2199.4005905331,0.1038773432
2200.3648170086,0.1035608202
2201.3290434840,0.1032413691
2202.2932699595,0.1029200256
2203.2574964349,0.1025987864
2204.2217229104,0.1022800431
2205.1859493859,0.1019656956
2206.1501758613,0.1016555652
2207.1144023368,0.1013474539
2208.0786288123,0.1010379866
2209.0428552877,0.1007245407
2210.0070817632,0.1004064530
2210.9713082387,0.1000851765
2211.9355347141,0.0997627378
2212.8997611896,0.0994400755
2213.8639876650,0.0991165265
2214.8282141405,0.0987906456
2215.7924406160,0.0984618589
2216.7566670914,0.0981310457
2217.7208935669,0.0978001952
2218.6851200424,0.0974711850
2219.6493465178,0.0971449539
2220.6135729933,0.0968213230
2221.5777994688,0.0964995176
2222.5420259442,0.0961780176
2223.5062524197,0.0958553031
2224.4704788952,0.0955301151
2225.4347053706,0.0952023417
2226.3989318461,0.0948726833
2227.3631583215,0.0945422128
2228.3273847970,0.0942114443
2229.2916112725,0.0938808396
2230.2558377479,0.0935514122
2231.2200642234,0.0932249278
2232.1842906989,0.0929027647
2233.1485171743,0.0925845876
2234.1127436498,0.0922682732
2235.0769701253,0.0919515565
2236.0411966007,0.0916338786
2237.0054230762,0.0913171694
2237.9696495516,0.0910044312
2238.9338760271,0.0906979442
2239.8981025026,0.0903977305
2240.8623289780,0.0901020840
2241.8265554535,0.0898084268
2242.7907819290,0.0895141363
2243.7550084044,0.0892171562
2244.7192348799,0.0889158025
2245.6834613554,0.0886091962
2246.6476878308,0.0882975757
2247.6119143063,0.0879821777
2248.5761407817,0.0876647010
2249.5403672572,0.0873460025
2250.5045937327,0.0870259181
2251.4688202081,0.0867044330
2252.4330466836,0.0863817260
2253.3972731591,0.0860580653
2254.3614996345,0.0857338533
2255.3257261100,0.0854095444
2256.2899525855,0.0850856602
2257.2541790609,0.0847627074
2258.2184055364,0.0844409987
2259.1826320119,0.0841207281
2260.1468584873,0.0838019475
2261.1110849628,0.0834847838
2262.0753114382,0.0831693187
2263.0395379137,0.0828556865
2264.0037643892,0.0825440660
2264.9679908646,0.0822344422
2265.9322173401,0.0819267035
2266.8964438156,0.0816206187
2267.8606702910,0.0813158453
2268.8248967665,0.0810121819
2269.7891232420,0.0807094201
2270.7533497174,0.0804074928
2271.7175761929,0.0801063105
2272.6818026683,0.0798057988
2273.6460291438,0.0795057714
2274.6102556193,0.0792060420
2275.5744820947,0.0789065585
2276.5387085702,0.0786074027
2277.5029350457,0.0783089176
2278.4671615211,0.0780116916
2279.4313879966,0.0777164027
2280.3956144721,0.0774236619
2281.3598409475,0.0771338716
2282.3240674230,0.0768469647
2283.2882938984,0.0765625611
2284.2525203739,0.0762801021
2285.2167468494,0.0759988427
2286.1809733248,0.0757182017
2287.1451998003,0.0754377097
2288.1094262758,0.0751572400
2289.0736527512,0.0748768672
2290.0378792267,0.0745968819
2291.0021057022,0.0743176043
2291.9663321776,0.0740393922
2292.9305586531,0.0737624988
2293.8947851285,0.0734870955
2294.8590116040,0.0732131302
2295.8232380795,0.0729406178
2296.7874645549,0.0726694390
2297.7516910304,0.0723995343
2298.7159175059,0.0721308887
2299.6801439813,0.0718635470
2300.6443704568,0.0715975314
2301.6085969323,0.0713328943
2302.5728234077,0.0710697621
2303.5370498832,0.0708082169
2304.5012763587,0.0705483556
2305.4655028341,0.0702903569
2306.4297293096,0.0700342059
2307.3939557850,0.0697799772
2308.3581822605,0.0695276558
2309.3224087360,0.0692772418
2310.2866352114,0.0690287948
2311.2508616869,0.0687823370
2312.2150881624,0.0685378388
2313.1793146378,0.0682952628
2314.1435411133,0.0680546761
2315.1077675888,0.0678162128
2316.0719940642,0.0675800964
2317.0362205397,0.0673466399
2318.0004470151,0.0671161786
2318.9646734906,0.0668888018
2319.9288999661,0.0666643828
2320.8931264415,0.0664425492
2321.8573529170,0.0662227646
2322.8215793925,0.0660044104
2323.7858058679,0.0657871962
2324.7500323434,0.0655711070
2325.7142588189,0.0653563961
2326.6784852943,0.0651436821
2327.6427117698,0.0649338961
2328.6069382452,0.0647282377
2329.5711647207,0.0645282939
2330.5353911962,0.0643360391
2331.4996176716,0.0641540438
2332.4638441471,0.0639853179
2333.4280706226,0.0638329089
2334.3922970980,0.0636993200
2335.3565235735,0.0635858476
2336.3207500490,0.0634915456
2337.2849765244,0.0634123683
2338.2492029999,0.0633406639
2339.2134294754,0.0632653162
2340.1776559508,0.0631725192
2341.1418824263,0.0630476028
2342.1061089017,0.0628776029
2343.0703353772,0.0626541376
2344.0345618527,0.0623752922
2344.9987883281,0.0620465130
2345.9630148036,0.0616794899
2346.9272412791,0.0612897649
2347.8914677545,0.0608935095
2348.8556942300,0.0605050549
2349.8199207055,0.0601350814
2350.7841471809,0.0597902574
2351.7483736564,0.0594732836
2352.7126001318,0.0591837727
2353.6768266073,0.0589191206
2354.6410530828,0.0586753413
2355.6052795582,0.0584480464
2356.5695060337,0.0582327992
2357.5337325092,0.0580254681
2358.4979589846,0.0578222275
2359.4621854601,0.0576198213
2360.4264119356,0.0574157089
2361.3906384110,0.0572081469
2362.3548648865,0.0569961406
2363.3190913619,0.0567793101
2364.2833178374,0.0565577485
2365.2475443129,0.0563318543
2366.2117707883,0.0561023057
2367.1759972638,0.0558700226
2368.1402237393,0.0556359515
2369.1044502147,0.0554008894
2370.0686766902,0.0551653951
2371.0329031657,0.0549299382
2371.9971296411,0.0546951406
2372.9613561166,0.0544616729
2373.9255825921,0.0542303547
2374.8898090675,0.0540019721
2375.8540355430,0.0537772849
2376.8182620184,0.0535569564
2377.7824884939,0.0533414558
2378.7467149694,0.0531310067
2379.7109414448,0.0529255681
2380.6751679203,0.0527249053
2381.6393943958,0.0525286607
2382.6036208712,0.0523364134
2383.5678473467,0.0521476977
2384.5320738222,0.0519619249
2385.4963002976,0.0517784171
2386.4605267731,0.0515964739
2387.4247532485,0.0514153354
2388.3889797240,0.0512344167
2389.3532061995,0.0510533713
2390.3174326749,0.0508721396
2391.2816591504,0.0506909229
2392.2458856259,0.0505100451
2393.2101121013,0.0503299125
2394.1743385768,0.0501508676
2395.1385650523,0.0499733239
2396.1027915277,0.0497975051
2397.0670180032,0.0496235006
2398.0312444786,0.0494512729
2398.9954709541,0.0492805690
2399.9596974296,0.0491110571
2400.9239239050,0.0489423983
2401.8881503805,0.0487742648
2402.8523768560,0.0486065187
2403.8166033314,0.0484384559
2404.7808298069,0.0482685231
2405.7450562824,0.0480950437
2406.7092827578,0.0479176417
2407.6735092333,0.0477380306
2408.6377357088,0.0475592166
2409.6019621842,0.0473843738
2410.5661886597,0.0472150519
2411.5304151351,0.0470508784
2412.4946416106,0.0468899645
2413.4588680861,0.0467303805
2414.4230945615,0.0465709977
2415.3873210370,0.0464117303
2416.3515475125,0.0462529249
2417.3157739879,0.0460947268
2418.2800004634,0.0459366105
2419.2442269389,0.0457778946
2420.2084534143,0.0456181727
2421.1726798898,0.0454576723
2422.1369063652,0.0452971496
2423.1011328407,0.0451371409
2424.0653593162,0.0449776836
2425.0295857916,0.0448185131
2425.9938122671,0.0446596593
2426.9580387426,0.0445018373
2427.9222652180,0.0443458222
2428.8864916935,0.0441916957
2429.8507181690,0.0440387130
2430.8149446444,0.0438854992
2431.7791711199,0.0437313952
2432.7433975953,0.0435768589
2433.7076240708,0.0434235223
2434.6718505463,0.0432730392
2435.6360770217,0.0431261547
2436.6003034972,0.0429820381
2437.5645299727,0.0428389087
2438.5287564481,0.0426950268
2439.4929829236,0.0425498225
2440.4572093991,0.0424039848
2441.4214358745,0.0422589928
2442.3856623500,0.0421162732
2443.3498888255,0.0419762507
2444.3141153009,0.0418382436
2445.2783417764,0.0417009331
2446.2425682518,0.0415628143
2447.2067947273,0.0414228551
2448.1710212028,0.0412808396
2449.1352476782,0.0411373302
2450.0994741537,0.0409931876
2451.0637006292,0.0408489220
2452.0279271046,0.0407048166
2452.9921535801,0.0405608714
2453.9563800556,0.0404175185
2454.9206065310,0.0402756296
2455.8848330065,0.0401361734
2456.8490594819,0.0399998836
2457.8132859574,0.0398670398
2458.7775124329,0.0397375561
2459.7417389083,0.0396109484
2460.7059653838,0.0394862778
2461.6701918593,0.0393617824
2462.6344183347,0.0392351709
2463.5986448102,0.0391044021
2464.5628712857,0.0389692262
2465.5270977611,0.0388314649
2466.4913242366,0.0386943072
2467.4555507120,0.0385608189
2468.4197771875,0.0384322330
2469.3840036630,0.0383076444
2470.3482301384,0.0381848738
2471.3124566139,0.0380615406
2472.2766830894,0.0379362404
2473.2409095648,0.0378088839
2474.2051360403,0.0376802385
2475.1693625158,0.0375516340
2476.1335889912,0.0374242477
2477.0978154667,0.0372988209
2478.0620419421,0.0371754877
2479.0262684176,0.0370536558
2479.9904948931,0.0369324200
2480.9547213685,0.0368108228
2481.9189478440,0.0366879664
2482.8831743195,0.0365632884
2483.8474007949,0.0364367850
2484.8116272704,0.0363095291
2485.7758537459,0.0361834951
2486.7400802213,0.0360606723
2487.7043066968,0.0359422192
2488.6685331723,0.0358277597
2489.6327596477,0.0357152708
2490.5969861232,0.0356018804
2491.5612125986,0.0354851522
2492.5254390741,0.0353639610
2493.4896655496,0.0352393799
2494.4538920250,0.0351143554
2495.4181185005,0.0349926800
2496.3823449760,0.0348772630
2497.3465714514,0.0347684436
2498.3107979269,0.0346637666
2499.2750244024,0.0345591754
2500.2392508778,0.0344508514
2501.2034773533,0.0343369544
2502.1677038287,0.0342180729
2503.1319303042,0.0340965055
2504.0961567797,0.0339750871
2505.0603832551,0.0338563025
2506.0246097306,0.0337416939
2506.9888362061,0.0336313918
2507.9530626815,0.0335242227
2508.9172891570,0.0334180892
2509.8815156325,0.0333106630
2510.8457421079,0.0332004726
2511.8099685834,0.0330874585
2512.7741950588,0.0329728276
2513.7384215343,0.0328583121
2514.7026480098,0.0327455290
2515.6668744852,0.0326353982
2516.6311009607,0.0325280279
2517.5953274362,0.0324228890
2518.5595539116,0.0323190019
2519.5237803871,0.0322155021
2520.4880068626,0.0321119986
2521.4522333380,0.0320089087
2522.4164598135,0.0319071002
2523.3806862890,0.0318070389
2524.3449127644,0.0317083970
2525.3091392399,0.0316101648
2526.2733657153,0.0315114260
2527.2375921908,0.0314118750
2528.2018186663,0.0313119031
2529.1660451417,0.0312121734
2530.1302716172,0.0311131086
2531.0944980927,0.0310145672
2532.0587245681,0.0309161022
2533.0229510436,0.0308173262
2533.9871775191,0.0307180732
2534.9514039945,0.0306188706
2535.9156304700,0.0305206906
2536.8798569454,0.0304247271
2537.8440834209,0.0303320028
2538.8083098964,0.0302427970
2539.7725363718,0.0301568266
2540.7367628473,0.0300730374
2541.7009893228,0.0299898759
2542.6652157982,0.0299053974
2543.6294422737,0.0298176371
2544.5936687492,0.0297255982
2545.5578952246,0.0296301134
2546.5221217001,0.0295338184
2547.4863481755,0.0294402894
2548.4505746510,0.0293523446
2549.4148011265,0.0292708147
2550.3790276019,0.0291945059
2551.3432540774,0.0291211996
2552.3074805529,0.0290488750
2553.2717070283,0.0289763678
2554.2359335038,0.0289031547
2555.2001599793,0.0288287085
2556.1643864547,0.0287524499
2557.1286129302,0.0286741294
2558.0928394057,0.0285943300
2559.0570658811,0.0285145752
2560.0212923566,0.0284365751
2560.9855188320,0.0283616278
2561.9497453075,0.0282900911
2562.9139717830,0.0282213036
2563.8781982584,0.0281538498
2564.8424247339,0.0280863252
2565.8066512094,0.0280176513
2566.7708776848,0.0279474147
2567.7351041603,0.0278759468
2568.6993306358,0.0278041884
2569.6635571112,0.0277334899
2570.6277835867,0.0276654772
2571.5920100621,0.0276015867
2572.5562365376,0.0275427252
2573.5204630131,0.0274890028
2574.4846894885,0.0274394751
2575.4489159640,0.0273923259
2576.4131424395,0.0273450986
2577.3773689149,0.0272955894
2578.3415953904,0.0272425301
2579.3058218659,0.0271862242
2580.2700483413,0.0271285772
2581.2342748168,0.0270720106
2582.1985012922,0.0270180702
2583.1627277677,0.0269670542
2584.1269542432,0.0269184150
2585.0911807186,0.0268719830
2586.0554071941,0.0268284734
2587.0196336696,0.0267891269
2587.9838601450,0.0267547406
2588.9480866205,0.0267245676
2589.9123130960,0.0266962145
2590.8765395714,0.0266662370
2591.8407660469,0.0266313367
2592.8049925224,0.0265897792
2593.7692189978,0.0265426673
2594.7334454733,0.0264938809
2595.6976719487,0.0264484026
2596.6618984242,0.0264098067
2597.6261248997,0.0263784751
2598.5903513751,0.0263521504
2599.5545778506,0.0263280850
2600.5188043261,0.0263050087
2601.4830308015,0.0262834206
2602.4472572770,0.0262638126
2603.4114837525,0.0262457728
2604.3757102279,0.0262279827
2605.3399367034,0.0262097791
2606.3041631788,0.0261921547
2607.2683896543,0.0261770599
2608.2326161298,0.0261657331
2609.1968426052,0.0261576492
2610.1610690807,0.0261506662
2611.1252955562,0.0261423904
2612.0895220316,0.0261314213
2613.0537485071,0.0261175390
2614.0179749826,0.0261012092
2614.9822014580,0.0260829572
2615.9464279335,0.0260632485
2616.9106544089,0.0260429643
2617.8748808844,0.0260238070
2618.8391073599,0.0260083340
2619.8033338353,0.0259991530
2620.7675603108,0.0259978622
2621.7317867863,0.0260041282
2622.6960132617,0.0260158908
2623.6602397372,0.0260300189
2624.6244662127,0.0260437336
2625.5886926881,0.0260554701
2626.5529191636,0.0260649249
2627.5171456391,0.0260723196
2628.4813721145,0.0260776803
2629.4455985900,0.0260807034
2630.4098250654,0.0260811988
2631.3740515409,0.0260798782
2632.3382780164,0.0260785036
2633.3025044918,0.0260795206
2634.2667309673,0.0260851011
2635.2309574428,0.0260963999
2636.1951839182,0.0261132773
2637.1594103937,0.0261343643
2638.1236368692,0.0261576492
2639.0878633446,0.0261811558
2640.0520898201,0.0262032896
2641.0163162955,0.0262232535
2641.9805427710,0.0262414012
2642.9447692465,0.0262594949
2643.9089957219,0.0262803957
2644.8732221974,0.0263070166
2645.8374486729,0.0263409019
2646.8016751483,0.0263816379
2647.7659016238,0.0264268070
2648.7301280993,0.0264730807
2649.6943545747,0.0265176278
2650.6585810502,0.0265586544
2651.6228075256,0.0265953653
2652.5870340011,0.0266276207
2653.5512604766,0.0266558342
2654.5154869520,0.0266814865
2655.4797134275,0.0267075002
2656.4439399030,0.0267376993
2657.4081663784,0.0267753061
2658.3723928539,0.0268211216
2659.3366193294,0.0268727802
2660.3008458048,0.0269261543
2661.2650722803,0.0269778520
2662.2292987557,0.0270269960
2663.1935252312,0.0270751249
2664.1577517067,0.0271243881
2665.1219781821,0.0271756146
2666.0862046576,0.0272284728
2667.0504311331,0.0272823591
2668.0146576085,0.0273373798
2668.9788840840,0.0273943935
2669.9431105595,0.0274538696
2670.9073370349,0.0275154766
2671.8715635104,0.0275782235
2672.8357899859,0.0276410636
2673.8000164613,0.0277031101
2674.7642429368,0.0277640074
2675.7284694122,0.0278245006
2676.6926958877,0.0278867949
2677.6569223632,0.0279542338
2678.6211488386,0.0280300211
2679.5853753141,0.0281152129
2680.5496017896,0.0282075461
2681.5138282650,0.0283023305
2682.4780547405,0.0283943191
2683.4422812160,0.0284799673
2684.4065076914,0.0285585281
2685.3707341669,0.0286318772
2686.3349606423,0.0287033040
2687.2991871178,0.0287765674
2688.2634135933,0.0288551264
2689.2276400687,0.0289416146
2690.1918665442,0.0290375277
2691.1560930197,0.0291429870
2692.1203194951,0.0292566381
2693.0845459706,0.0293756388
2694.0487724461,0.0294962488
2695.0129989215,0.0296145380
2695.9772253970,0.0297274273
2696.9414518724,0.0298335794
2697.9056783479,0.0299341287
2698.8699048234,0.0300323144
2699.8341312988,0.0301323831
2700.7983577743,0.0302375238
2701.7625842498,0.0303484090
2702.7268107252,0.0304630995
2703.6910372007,0.0305785965
2704.6552636762,0.0306926258
2705.6194901516,0.0308047943
2706.5837166271,0.0309168529
2707.5479431026,0.0310314149
2708.5121695780,0.0311507359
2709.4763960535,0.0312758759
2710.4406225289,0.0314065591
2711.4048490044,0.0315417647
2712.3690754799,0.0316804945
2713.3333019553,0.0318220519
2714.2975284308,0.0319657475
2715.2617549063,0.0321104936
2716.2259813817,0.0322549231
2717.1902078572,0.0323983990
2718.1544343327,0.0325418375
2719.1186608081,0.0326876119
2720.0828872836,0.0328381807
2721.0471137590,0.0329942778
2722.0113402345,0.0331542045
2722.9755667100,0.0333147459
2723.9397931854,0.0334728844
2724.9040196609,0.0336276144
2725.8682461364,0.0337801911
2726.8324726118,0.0339334346
2727.7966990873,0.0340900384
2728.7609255628,0.0342516825
2729.7251520382,0.0344188251
2730.6893785137,0.0345910192
2731.6536049891,0.0347674340
2732.6178314646,0.0349468924
2733.5820579401,0.0351279117
2734.5462844155,0.0353088416
2735.5105108910,0.0354884677
2736.4747373665,0.0356666781
2737.4389638419,0.0358443744
2738.4031903174,0.0360230990
2739.3674167929,0.0362043716
2740.3316432683,0.0363895744
2741.2958697438,0.0365800411
2742.2600962193,0.0367768183
2743.2243226947,0.0369802229
2744.1885491702,0.0371895880
2745.1527756456,0.0374034531
2746.1170021211,0.0376197994
2747.0812285966,0.0378365032
2748.0454550720,0.0380519070
2749.0096815475,0.0382650681
2749.9739080230,0.0384765230
2750.9381344984,0.0386882536
2751.9023609739,0.0389031433
2752.8665874494,0.0391237475
2753.8308139248,0.0393510386
2754.7950404003,0.0395835824
2755.7592668757,0.0398183800
2756.7234933512,0.0400525071
2757.6877198267,0.0402849168
2758.6519463021,0.0405171663
2759.6161727776,0.0407521240
2760.5803992531,0.0409920476
2761.5446257285,0.0412369147
2762.5088522040,0.0414845422
2763.4730786795,0.0417322516
2764.4373051549,0.0419790447
2765.4015316304,0.0422263816
2766.3657581058,0.0424773134
2767.3299845813,0.0427347012
2768.2942110568,0.0429997854
2769.2584375322,0.0432718657
2770.2226640077,0.0435489863
2771.1868904832,0.0438289419
2772.1511169586,0.0441099703
2773.1153434341,0.0443913192
2774.0795699096,0.0446735732
2775.0437963850,0.0449581593
2776.0080228605,0.0452466123
2776.9722493360,0.0455400571
2777.9364758114,0.0458386205
2778.9007022869,0.0461415611
2779.8649287623,0.0464473926
2780.8291552378,0.0467547365
2781.7933817133,0.0470628776
2782.7576081887,0.0473720729
2783.7218346642,0.0476834849
2784.6860611397,0.0479984991
2785.6502876151,0.0483179390
2786.6145140906,0.0486418679
2787.5787405661,0.0489701256
2788.5429670415,0.0493023172
2789.5071935170,0.0496378057
2790.4714199924,0.0499757044
2791.4356464679,0.0503152609
2792.3998729434,0.0506566279
2793.3640994188,0.0510012284
2794.3283258943,0.0513513498
2795.2925523698,0.0517087504
2796.2567788452,0.0520739183
2797.2210053207,0.0524459630
2798.1852317962,0.0528230034
2799.1494582716,0.0532029793
2800.1136847471,0.0535837524
2801.0779112225,0.0539639816
2802.0421376980,0.0543435775
2803.0063641735,0.0547242686
2803.9705906489,0.0551087894
2804.9348171244,0.0554999448
2805.8990435999,0.0558993444
2806.8632700753,0.0563070104
2807.8274965508,0.0567217544
2808.7917230263,0.0571417660
2809.7559495017,0.0575651117
2810.7201759772,0.0579903796
2811.6844024527,0.0584167130
2812.6486289281,0.0588435866
2813.6128554036,0.0592704341
2814.5770818790,0.0596972555
2815.5413083545,0.0601253584
2816.5055348300,0.0605579652
2817.4697613054,0.0609991290
2818.4339877809,0.0614517219
2819.3982142564,0.0619155280
2820.3624407318,0.0623871237
2821.3266672073,0.0628616586
2822.2908936828,0.0633352995
2823.2551201582,0.0638071224
2824.2193466337,0.0642793402
2825.1835731091,0.0647558868
2826.1477995846,0.0652401745
2827.1120260601,0.0657338277
2828.0762525355,0.0662360266
2829.0404790110,0.0667444021
2830.0047054865,0.0672568083
2830.9689319619,0.0677725524
2831.9331584374,0.0682928115
2832.8973849129,0.0688197017
2833.8616113883,0.0693547949
2834.8258378638,0.0698978752
2835.7900643392,0.0704470575
2836.7542908147,0.0709998533
2837.7185172902,0.0715544000
2838.6827437656,0.0721096843
2839.6469702411,0.0726651549
2840.6111967166,0.0732205734
2841.5754231920,0.0737763643
2842.5396496675,0.0743345916
2843.5038761430,0.0748986080
2844.4681026184,0.0754711851
2845.4323290939,0.0760529041
2846.3965555693,0.0766419470
2847.3607820448,0.0772360340
2848.3250085203,0.0778345540
2849.2892349957,0.0784391090
2850.2534614712,0.0790516809
2851.2176879467,0.0796727389
2852.1819144221,0.0803009123
2853.1461408976,0.0809347630
2854.1103673731,0.0815750435
2855.0745938485,0.0822247192
2856.0388203240,0.0828874856
2857.0030467995,0.0835649148
2857.9672732749,0.0842550620
2858.9314997504,0.0849530473
2859.8957262258,0.0856535435
2860.8599527013,0.0863541886
2861.8241791768,0.0870572031
2862.7884056522,0.0877679810
2863.7526321277,0.0884915665
2864.7168586032,0.0892288238
2865.6810850786,0.0899758041
2866.6453115541,0.0907266513
2867.6095380296,0.0914778784
2868.5737645050,0.0922304988
2869.5379909805,0.0929891765
2870.5022174559,0.0937586576
2871.4664439314,0.0945411474
2872.4306704069,0.0953358561
2873.3948968823,0.0961405486
2874.3591233578,0.0969533324
2875.3233498333,0.0977734178
2876.2875763087,0.0986005738
2877.2518027842,0.0994342566
2878.2160292597,0.1002729312
2879.1802557351,0.1011145636
2880.1444822106,0.1019576117
2881.1087086860,0.1028024256
2882.0729351615,0.1036517099
2883.0371616370,0.1045094132
2884.0013881124,0.1053790674
2884.9656145879,0.1062623113
2885.9298410634,0.1071588174
2886.8940675388,0.1080672964
2887.8582940143,0.1089863032
2888.8225204898,0.1099140197
2889.7867469652,0.1108475402
2890.7509734407,0.1117834374
2891.7151999162,0.1127196774
2892.6794263916,0.1136576310
2893.6436528671,0.1146020368
2894.6078793425,0.1155581251
2895.5721058180,0.1165284142
2896.5363322935,0.1175115854
2897.5005587689,0.1185041741
2898.4647852444,0.1195035651
2899.4290117199,0.1205096319
2900.3932381953,0.1215241998
2901.3574646708,0.1225489751
2902.3216911463,0.1235839799
2903.2859176217,0.1246273220
2904.2501440972,0.1256761849
2905.2143705726,0.1267276853
2906.1785970481,0.1277802438
2907.1428235236,0.1288344264
2908.1070499990,0.1298925728
2909.0712764745,0.1309576333
2910.0355029500,0.1320317090
2910.9997294254,0.1331155002
2911.9639559009,0.1342092007
2912.9281823764,0.1353137344
2913.8924088518,0.1364307851
2914.8566353273,0.1375616938
2915.8208618027,0.1387058944
2916.7850882782,0.1398602873
2917.7493147537,0.1410208195
2918.7135412291,0.1421841979
2919.6777677046,0.1433497220
2920.6419941801,0.1445197612
2921.6062206555,0.1456991136
2922.5704471310,0.1468944997
2923.5346736065,0.1481132060
2924.4989000819,0.1493611485
2925.4631265574,0.1506413519
2926.4273530329,0.1519533098
2927.3915795083,0.1532938480
2928.3558059838,0.1546586752
2929.3200324592,0.1560439616
2930.2842589347,0.1574464589
2931.2484854102,0.1588633806
2932.2127118856,0.1602924913
2933.1769383611,0.1617332101
2934.1411648366,0.1631870568
2935.1053913120,0.1646568924
2936.0696177875,0.1661453843
2937.0338442630,0.1676533520
2937.9980707384,0.1691796929
2938.9622972139,0.1707220674
2939.9265236893,0.1722775251
2940.8907501648,0.1738427877
2941.8549766403,0.1754138917
2942.8192031157,0.1769867837
2943.7834295912,0.1785576940
2944.7476560667,0.1801239252
2945.7118825421,0.1816843450
2946.6761090176,0.1832398921
2947.6403354931,0.1847938448
2948.6045619685,0.1863519549
2949.5687884440,0.1879202276
2950.5330149194,0.1895027608
2951.4972413949,0.1910994649
2952.4614678704,0.1927069575
2953.4256943458,0.1943213046
2954.3899208213,0.1959413886
2955.3541472968,0.1975699514
2956.3183737722,0.1992121786
2957.2826002477,0.2008735389
2958.2468267232,0.2025581151
2959.2110531986,0.2042692006
2960.1752796741,0.2060091197
2961.1395061496,0.2077791095
2962.1037326250,0.2095780522
2963.0679591005,0.2114029825
2964.0321855759,0.2132506967
2964.9964120514,0.2151211053
2965.9606385269,0.2170183659
2966.9248650023,0.2189486325
2967.8890914778,0.2209153771
2968.8533179533,0.2229160219
2969.8175444287,0.2249424905
2970.7817709042,0.2269854695
2971.7459973797,0.2290388644
2972.7102238551,0.2311009467
2973.6744503306,0.2331718504
2974.6386768060,0.2352508605
2975.6029032815,0.2373356074
2976.5671297570,0.2394247651
2977.5313562324,0.2415202707
2978.4955827079,0.2436272502
2979.4598091834,0.2457502782
2980.4240356588,0.2478900254
2981.3882621343,0.2500427067
2982.3524886098,0.2522031963
2983.3167150852,0.2543692887
2984.2809415607,0.2565435767
2985.2451680361,0.2587314248
2986.2093945116,0.2609366477
2987.1736209871,0.2631585598
2988.1378474625,0.2653929591
2989.1020739380,0.2676351666
2990.0663004135,0.2698836923
2991.0305268889,0.2721409202
2991.9947533644,0.2744114697
2992.9589798399,0.2766994536
2993.9232063153,0.2790069580
2994.8874327908,0.2813344598
2995.8516592663,0.2836810350
2996.8158857417,0.2860445976
2997.7801122172,0.2884219885
2998.7443386926,0.2908104658
2999.7085651681,0.2932099998
3000.6727916436,0.2956232727
3001.6370181190,0.2980518043
3002.6012445945,0.3004964590
3003.5654710700,0.3029577732
3004.5296975454,0.3054359257
3005.4939240209,0.3079307973
3006.4581504964,0.3104420602
3007.4223769718,0.3129692674
3008.3866034473,0.3155118525
3009.3508299227,0.3180690706
3010.3150563982,0.3206402659
3011.2792828737,0.3232249916
3012.2435093491,0.3258230090
3013.2077358246,0.3284345269
3014.1719623001,0.3310600221
3015.1361887755,0.3337001503
3016.1004152510,0.3363556564
3017.0646417265,0.3390272260
3018.0288682019,0.3417156935
3018.9930946774,0.3444216847
3019.9573211528,0.3471456468
3020.9215476283,0.3498876989
3021.8857741038,0.3526477218
3022.8500005792,0.3554253280
3023.8142270547,0.3582198620
3024.7784535302,0.3610306680
3025.7426800056,0.3638570309
3026.7069064811,0.3666985929
3027.6711329566,0.3695552349
3028.6353594320,0.3724271059
3029.5995859075,0.3753146231
3030.5638123829,0.3782180250
3031.5280388584,0.3811376393
3032.4922653339,0.3840736449
3033.4564918093,0.3870266080
3034.4207182848,0.3899973333
3035.3849447603,0.3929865658
3036.3491712357,0.3959949911
3037.3133977112,0.3990227580
3038.2776241867,0.4020699263
3039.2418506621,0.4051366448
3040.2060771376,0.4082236886
3041.1703036131,0.4113319218
3042.1345300885,0.4144623578
3043.0987565640,0.4176154137
3044.0629830394,0.4207908511
3045.0272095149,0.4239877462
3045.9914359904,0.4272047579
3046.9556624658,0.4304406345
3047.9198889413,0.4336944520
3048.8841154168,0.4369658232
3049.8483418922,0.4402549267
3050.8125683677,0.4435627460
3051.7767948432,0.4468901455
3052.7410213186,0.4502380788
3053.7052477941,0.4536070228
3054.6694742695,0.4569968581
3055.6337007450,0.4604071081
3056.5979272205,0.4638370872
3057.5621536959,0.4672860503
3058.5263801714,0.4707534313
3059.4906066469,0.4742387831
3060.4548331223,0.4777418971
3061.4190595978,0.4812632799
3062.3832860733,0.4848034680
3063.3475125487,0.4883635938
3064.3117390242,0.4919449389
3065.2759654996,0.4955485463
3066.2401919751,0.4991752505
3067.2044184506,0.5028249621
3068.1686449260,0.5064970851
3069.1328714015,0.5101902485
3070.0970978770,0.5139030814
3071.0613243524,0.5176341534
3072.0255508279,0.5213823318
3072.9897773034,0.5251465440
3073.9540037788,0.5289257169
3074.9182302543,0.5327191353
3075.8824567298,0.5365262628
3076.8466832052,0.5403473973
3077.8109096807,0.5441837311
3078.7751361561,0.5480374694
3079.7393626316,0.5519106984
3080.7035891071,0.5558054447
3081.6678155825,0.5597229004
3082.6320420580,0.5636630654
3083.5962685335,0.5676256418
3084.5604950089,0.5716093779
3085.5247214844,0.5756129026
3086.4889479599,0.5796343088
3087.4531744353,0.5836718082
3088.4174009108,0.5877233148
3089.3816273862,0.5917878151
3090.3458538617,0.5958654284
3091.3100803372,0.5999575257
3092.2743068126,0.6040665507
3093.2385332881,0.6081957817
3094.2027597636,0.6123477817
3095.1669862390,0.6165242791
3096.1312127145,0.6207256317
3097.0954391900,0.6249507070
3098.0596656654,0.6291968226
3099.0238921409,0.6334605217
3099.9881186163,0.6377381682
3100.9523450918,0.6420261264
3101.9165715673,0.6463218927
3102.8807980427,0.6506235003
3103.8450245182,0.6549303532
3104.8092509937,0.6592425108
3105.7734774691,0.6635611057
3106.7377039446,0.6678879261
3107.7019304201,0.6722250581
3108.6661568955,0.6765745282
3109.6303833710,0.6809375286
3110.5946098465,0.6853144169
3111.5588363219,0.6897046566
3112.5230627974,0.6941074729
3113.4872892728,0.6985223293
3114.4515157483,0.7029491067
3115.4157422238,0.7073878646
3116.3799686992,0.7118384838
3117.3441951747,0.7163000703
3118.3084216502,0.7207707167
3119.2726481256,0.7252478600
3120.2368746011,0.7297292352
3121.2011010766,0.7342125773
3122.1653275520,0.7386969328
3123.1295540275,0.7431823015
3124.0937805029,0.7476695180
3125.0580069784,0.7521600723
3126.0222334539,0.7566559911
3126.9864599293,0.7611588240
3127.9506864048,0.7656693459
3128.9149128803,0.7701869011
3129.8791393557,0.7747095823
3130.8433658312,0.7792346478
3131.8075923067,0.7837595940
3132.7718187821,0.7882823348
3133.7360452576,0.7928019762
3134.7002717330,0.7973181009
3135.6644982085,0.8018308878
3136.6287246840,0.8063400984
3137.5929511594,0.8108456731
3138.5571776349,0.8153476119
3139.5214041104,0.8198464513
3140.4856305858,0.8243427277
3141.4498570613,0.8288369775
3142.4140835368,0.8333290815
3143.3783100122,0.8378184438
3144.3425364877,0.8423038125
3145.3067629632,0.8467842340
3146.2709894386,0.8512588739
3147.2352159141,0.8557270169
3148.1994423895,0.8601875901
3149.1636688650,0.8646394014
3150.1278953405,0.8690801859
3151.0921218159,0.8735076189
3152.0563482914,0.8779191971
3153.0205747669,0.8823131919
3153.9848012423,0.8866886497
3154.9490277178,0.8910460472
3155.9132541933,0.8953870535
3156.8774806687,0.8997133374
3157.8417071442,0.9040263295
3158.8059336196,0.9083257914
3159.7701600951,0.9126093984
3160.7343865706,0.9168734550
3161.6986130460,0.9211142063
3162.6628395215,0.9253293872
3163.6270659970,0.9295186400
3164.5912924724,0.9336837530
3165.5555189479,0.9378268123
3166.5197454234,0.9419491887
3167.4839718988,0.9460516572
3168.4481983743,0.9501343369
3169.4124248497,0.9541971684
3170.3766513252,0.9582407475
3171.3408778007,0.9622659087
3172.3051042761,0.9662733078
3173.2693307516,0.9702628255
3174.2335572271,0.9742337465
3175.1977837025,0.9781843424
3176.1620101780,0.9821128845
3177.1262366535,0.9860170484
3178.0904631289,0.9898934960
3179.0546896044,0.9937378168
3180.0189160799,0.9975450039
3180.9831425553,1.0013101101
3181.9473690308,1.0050300360
3182.9115955062,1.0087039471
3183.8758219817,1.0123336315
3184.8400484572,1.0159231424
3185.8042749326,1.0194767714
3186.7685014081,1.0229980946
3187.7327278836,1.0264894962
3188.6969543590,1.0299514532
3189.6611808345,1.0333833694
3190.6254073100,1.0367844105
3191.5896337854,1.0401538610
3192.5538602609,1.0434911251
3193.5180867363,1.0467953682
3194.4823132118,1.0500651598
3195.4465396873,1.0532979965
3196.4107661627,1.0564900637
3197.3749926382,1.0596369505
3198.3392191137,1.0627336502
3199.3034455891,1.0657767057
3200.2676720646,1.0687644482
3201.2318985401,1.0716987848
3202.1961250155,1.0745844841
3203.1603514910,1.0774294138
3204.1245779664,1.0802413225
3205.0888044419,1.0830265284
3206.0530309174,1.0857875347
3207.0172573928,1.0885219574
3207.9814838683,1.0912239552
3208.9457103438,1.0938862562
3209.9099368192,1.0965030193
3210.8741632947,1.0990713835
3211.8383897702,1.1015917063
3212.8026162456,1.1040660143
3213.7668427211,1.1064975262
3214.7310691965,1.1088877916
3215.6952956720,1.1112369299
3216.6595221475,1.1135436296
3217.6237486229,1.1158043146
3218.5879750984,1.1180146933
3219.5522015739,1.1201697588
3220.5164280493,1.1222635508
3221.4806545248,1.1242914200
3222.4448810003,1.1262494326
3223.4091074757,1.1281374693
3224.3733339512,1.1299585104
3225.3375604267,1.1317191124
3226.3017869021,1.1334278584
3227.2660133776,1.1350934505
3228.2302398530,1.1367228031
3229.1944663285,1.1383205652
3230.1586928040,1.1398876905
3231.1229192794,1.1414231062
3232.0871457549,1.1429249048
3233.0513722304,1.1443918943
3234.0155987058,1.1458244324
3234.9798251813,1.1472240686
3235.9440516568,1.1485941410
3236.9082781322,1.1499378681
3237.8725046077,1.1512572765
3238.8367310831,1.1525537968
3239.8009575586,1.1538267136
3240.7651840341,1.1550738811
3241.7294105095,1.1562917233
3242.6936369850,1.1574757099
3243.6578634605,1.1586198807
3244.6220899359,1.1597194672
3245.5863164114,1.1607702971
3246.5505428869,1.1617701054
3247.5147693623,1.1627185345
3248.4789958378,1.1636164188
3249.4432223132,1.1644668579
3250.4074487887,1.1652755737
3251.3716752642,1.1660501957
3252.3359017396,1.1667997837
3253.3001282151,1.1675326824
3254.2643546906,1.1682550907
3255.2285811660,1.1689707041
3256.1928076415,1.1696805954
3257.1570341170,1.1703835726
3258.1212605924,1.1710778475
3259.0854870679,1.1717600822
3260.0497135434,1.1724275351
3261.0139400188,1.1730773449
3261.9781664943,1.1737073660
3262.9423929697,1.1743168831
3263.9066194452,1.1749057770
3264.8708459207,1.1754763126
3265.8350723961,1.1760317087
3266.7992988716,1.1765758991
3267.7635253471,1.1771129370
3268.7277518225,1.1776458025
3269.6919782980,1.1781755686
3270.6562047735,1.1787019968
3271.6204312489,1.1792223454
3272.5846577244,1.1797332764
3273.5488841998,1.1802319288
3274.5131106753,1.1807169914
3275.4773371508,1.1811895370
3276.4415636262,1.1816524267
3277.4057901017,1.1821085215
3278.3700165772,1.1825594902
3279.3342430526,1.1830040216
3280.2984695281,1.1834388971
3281.2626960036,1.1838599443
3282.2269224790,1.1842652559
3283.1911489545,1.1846561432
3284.1553754299,1.1850378513
3285.1196019054,1.1854184866
3286.0838283809,1.1858052015
3287.0480548563,1.1862026453
3288.0122813318,1.1866110563
3288.9765078073,1.1870269775
3289.9407342827,1.1874446869
3290.9049607582,1.1878579855
3291.8691872337,1.1882610321
3292.8334137091,1.1886490583
3293.7976401846,1.1890192032
3294.7618666601,1.1893714666
3295.7260931355,1.1897101402
3296.6903196110,1.1900426149
3297.6545460864,1.1903783083
3298.6187725619,1.1907242537
3299.5829990374,1.1910839081
3300.5472255128,1.1914533377
3301.5114519883,1.1918236017
3302.4756784638,1.1921826601
3303.4399049392,1.1925196648
3304.4041314147,1.1928285360
3305.3683578902,1.1931092739
3306.3325843656,1.1933685541
3307.2968108411,1.1936171055
3308.2610373165,1.1938682795
3309.2252637920,1.1941349506
3310.1894902675,1.1944271326
3311.1537167429,1.1947500706
3312.1179432184,1.1951031685
3313.0821696939,1.1954820156
3314.0463961693,1.1958785057
3315.0106226448,1.1962853670
3315.9748491203,1.1966962814
3316.9390755957,1.1971081495
3317.9033020712,1.1975200176
3318.8675285466,1.1979329586
3319.8317550221,1.1983467340
3320.7959814976,1.1987582445
3321.7602079730,1.1991606951
3322.7244344485,1.1995435953
3323.6886609240,1.1998959780
3324.6528873994,1.2002096176
3325.6171138749,1.2004812956
3326.5813403504,1.2007126808
3327.5455668258,1.2009097338
3328.5097933013,1.2010797262
3329.4740197768,1.2012289762
3330.4382462522,1.2013617754
3331.4024727277,1.2014812231
3332.3666992031,1.2015892267
3333.3309256786,1.2016884089
3334.2951521541,1.2017822266
3335.2593786295,1.2018758059
3336.2236051050,1.2019748688
3337.1878315805,1.2020851374
3338.1520580559,1.2022103071
3339.1162845314,1.2023509741
3340.0805110069,1.2025034428
3341.0447374823,1.2026600838
3342.0089639578,1.2028102875
3342.9731904332,1.2029418945
3343.9374169087,1.2030444145
3344.9016433842,1.2031106949
3345.8658698596,1.2031376362
3346.8300963351,1.2031265497
3347.7943228106,1.2030814886
3348.7585492860,1.2030061483
3349.7227757615,1.2029033899
3350.6870022370,1.2027720213
3351.6512287124,1.2026078701
3352.6154551879,1.2024047375
3353.5796816633,1.2021554708
3354.5439081388,1.2018548250
3355.5081346143,1.2015000582
3356.4723610897,1.2010936737
3357.4365875652,1.2006430626
3358.4008140407,1.2001600266
3359.3650405161,1.1996580362
3360.3292669916,1.1991487741
3361.2934934671,1.1986404657
3362.2577199425,1.1981352568
3363.2219464180,1.1976313591
3364.1861728935,1.1971250772
3365.1503993689,1.1966116428
3366.1146258444,1.1960855722
3367.0788523198,1.1955392361
3368.0430787953,1.1949625015
3369.0073052708,1.1943434477
3369.9715317462,1.1936713457
3370.9357582217,1.1929384470
3371.8999846972,1.1921432018
3372.8642111726,1.1912891865
3373.8284376481,1.1903843880
3374.7926641236,1.1894388199
3375.7568905990,1.1884622574
3376.7211170745,1.1874622107
3377.6853435499,1.1864423752
3378.6495700254,1.1854010820
3379.6137965009,1.1843311787
3380.5780229763,1.1832209826
3381.5422494518,1.1820567846
3382.5064759273,1.1808266640
3383.4707024027,1.1795237064
3384.4349288782,1.1781477928
3385.3991553537,1.1767055988
3386.3633818291,1.1752080917
3387.3276083046,1.1736670732
3388.2918347800,1.1720917225
3389.2560612555,1.1704865694
3390.2202877310,1.1688514948
3391.1845142064,1.1671825647
3392.1487406819,1.1654746532
3393.1129671574,1.1637239456
3394.0771936328,1.1619304419
3395.0414201083,1.1600984335
3396.0056465838,1.1582351923
3396.9698730592,1.1563487053
3397.9340995347,1.1544444561
3398.8983260102,1.1525238752
3399.8625524856,1.1505829096
3400.8267789611,1.1486132145
3401.7910054365,1.1466033459
3402.7552319120,1.1445418596
3403.7194583875,1.1424204111
3404.6836848629,1.1402363777
3405.6479113384,1.1379942894
3406.6121378139,1.1357039213
3407.5763642893,1.1333774328
3408.5405907648,1.1310257912
3409.5048172403,1.1286538839
3410.4690437157,1.1262605190
3411.4332701912,1.1238387823
3412.3974966666,1.1213785410
3413.3617231421,1.1188707352
3414.3259496176,1.1163117886
3415.2901760930,1.1137039661
3416.2544025685,1.1110562086
3417.2186290440,1.1083798409
3418.1828555194,1.1056853533
3419.1470819949,1.1029800177
3420.1113084704,1.1002656221
3421.0755349458,1.0975399017
3422.0397614213,1.0947988033
3423.0039878967,1.0920373201
3423.9682143722,1.0892519951
3424.9324408477,1.0864400864
3425.8966673231,1.0836008787
3426.8608937986,1.0807347298
3427.8251202741,1.0778433084
3428.7893467495,1.0749284029
3429.7535732250,1.0719913244
3430.7177997005,1.0690323114
3431.6820261759,1.0660517216
3432.6462526514,1.0630501509
3433.6104791268,1.0600297451
3434.5747056023,1.0569928885
3435.5389320778,1.0539401770
3436.5031585532,1.0508692265
3437.4673850287,1.0477739573
3438.4316115042,1.0446459055
3439.3958379796,1.0414775610
3440.3600644551,1.0382655859
3441.3242909306,1.0350122452
3442.2885174060,1.0317260027
3443.2527438815,1.0284197330
3444.2169703570,1.0251076221
3445.1811968324,1.0218021870
3446.1454233079,1.0185117722
3447.1096497833,1.0152392387
3448.0738762588,1.0119827986
3449.0381027343,1.0087370872
3450.0023292097,1.0054949522
3450.9665556852,1.0022491217
3451.9307821607,0.9989920259
3452.8950086361,0.9957170486
3453.8592351116,0.9924183488
3454.8234615871,0.9890915751
3455.7876880625,0.9857340455
3456.7519145380,0.9823457003
3457.7161410134,0.9789295793
3458.6803674889,0.9754923582
3459.6445939644,0.9720428586
3460.6088204398,0.9685910940
3461.5730469153,0.9651454091
3462.5372733908,0.9617097974
3463.5014998662,0.9582831264
3464.4657263417,0.9548594356
3465.4299528172,0.9514294267
3466.3941792926,0.9479826093
3467.3584057681,0.9445096254
3468.3226322435,0.9410042167
3469.2868587190,0.9374641776
3470.2510851945,0.9338912964
3471.2153116699,0.9302914739
3472.1795381454,0.9266721010
3473.1437646209,0.9230408072
3474.1079910963,0.9194034338
3475.0722175718,0.9157628417
3476.0364440473,0.9121195078
3477.0006705227,0.9084720016
3477.9648969982,0.9048177600
3478.9291234737,0.9011535645
3479.8933499491,0.8974756598
3480.8575764246,0.8937803507
3481.8218029000,0.8900648952
3482.7860293755,0.8863281012
3483.7502558510,0.8825708032
3484.7144823264,0.8787959814
3485.6787088019,0.8750077486
3486.6429352774,0.8712104559
3487.6071617528,0.8674085736
3488.5713882283,0.8636056781
3489.5356147038,0.8598046899
3490.4998411792,0.8560068011
3491.4640676547,0.8522118926
3492.4282941301,0.8484184742
3493.3925206056,0.8446236849
3494.3567470811,0.8408244252
3495.3209735565,0.8370180726
3496.2852000320,0.8332026005
3497.2494265075,0.8293773532
3498.2136529829,0.8255428672
3499.1778794584,0.8217005730
3500.1421059339,0.8178522587
3501.1063324093,0.8139997721
3502.0705588848,0.8101453185
3503.0347853602,0.8062905073
3503.9990118357,0.8024369478
3504.9632383112,0.7985851169
3505.9274647866,0.7947346568
3506.8916912621,0.7908838987
3507.8559177376,0.7870306969
3508.8201442130,0.7831728458
3509.7843706885,0.7793086767
3510.7485971640,0.7754381895
3511.7128236394,0.7715625763
3512.6770501149,0.7676843405
3513.6412765904,0.7638065219
3514.6055030658,0.7599325776
3515.5697295413,0.7560649514
3516.5339560167,0.7522051930
3517.4981824922,0.7483530641
3518.4624089677,0.7445063591
3519.4266354431,0.7406612039
3520.3908619186,0.7368128896
3521.3550883941,0.7329571843
3522.3193148695,0.7290915251
3523.2835413450,0.7252159715
3524.2477678205,0.7213322520
3525.2119942959,0.7174440026
3526.1762207714,0.7135553360
3527.1404472468,0.7096699476
3528.1046737223,0.7057910562
3529.0689001978,0.7019199729
3530.0331266732,0.6980562806
3530.9973531487,0.6941980720
3531.9615796242,0.6903425455
3532.9258060996,0.6864868402
3533.8900325751,0.6826293468
3534.8542590506,0.6787700057
3535.8184855260,0.6749099493
3536.7827120015,0.6710509062
3537.7469384769,0.6671942472
3538.7111649524,0.6633401513
3539.6753914279,0.6594880819
3540.6396179033,0.6556370854
3541.6038443788,0.6517866254
3542.5680708543,0.6479369402
3543.5322973297,0.6440889239
3544.4965238052,0.6402436495
3545.4607502807,0.6364020109
3546.4249767561,0.6325647831
3547.3892032316,0.6287328005
3548.3534297071,0.6249065995
3549.3176561825,0.6210864782
3550.2818826580,0.6172722578
3551.2461091334,0.6134630442
3552.2103356089,0.6096581817
3553.1745620844,0.6058574915
3554.1387885598,0.6020612717
3555.1030150353,0.5982707143
3556.0672415108,0.5944870114
3557.0314679862,0.5907117128
3557.9956944617,0.5869459510
3558.9599209372,0.5831903219
3559.9241474126,0.5794446468
3560.8883738881,0.5757079720
3561.8526003635,0.5719788074
3562.8168268390,0.5682558417
3563.7810533145,0.5645382404
3564.7452797899,0.5608261228
3565.7095062654,0.5571200252
3566.6737327409,0.5534203649
3567.6379592163,0.5497272015
3568.6021856918,0.5460402369
3569.5664121673,0.5423591733
3570.5306386427,0.5386838317
3571.4948651182,0.5350147486
3572.4590915936,0.5313530564
3573.4233180691,0.5277004242
3574.3875445446,0.5240589976
3575.3517710200,0.5204308033
3576.3159974955,0.5168173313
3577.2802239710,0.5132189989
3578.2444504464,0.5096350312
3579.2086769219,0.5060636997
3580.1729033974,0.5025026798
3581.1371298728,0.4989500046
3582.1013563483,0.4954038858
3583.0655828238,0.4918634295
3584.0298092992,0.4883281887
3584.9940357747,0.4847979546
3585.9582622501,0.4812728167
3586.9224887256,0.4777526855
3587.8867152011,0.4742380679
3588.8509416765,0.4707302451
3589.8151681520,0.4672309458
3590.7793946275,0.4637425840
3591.7436211029,0.4602670670
3592.7078475784,0.4568056762
3593.6720740539,0.4533584714
3594.6363005293,0.4499243796
3595.6005270048,0.4465015829
3596.5647534802,0.4430875778
3597.5289799557,0.4396794140
3598.4932064312,0.4362743199
3599.4574329066,0.4328695834
3600.4216593821,0.4294638932
3601.3858858576,0.4260570705
3602.3501123330,0.4226503670
3603.3143388085,0.4192457199
3604.2785652840,0.4158451259
3605.2427917594,0.4124496281
3606.2070182349,0.4090588689
3607.1712447103,0.4056712091
3608.1354711858,0.4022843242
3609.0996976613,0.3988960087
3610.0639241367,0.3955051601
3611.0281506122,0.3921116292
3611.9923770877,0.3887162209
3612.9566035631,0.3853197694
3613.9208300386,0.3819225430
3614.8850565141,0.3785237670
3615.8492829895,0.3751213253
3616.8135094650,0.3717118204
3617.7777359404,0.3682909310
3618.7419624159,0.3648543060
3619.7061888914,0.3613983095
3620.6704153668,0.3579208851
3621.6346418423,0.3544214368
3622.5988683178,0.3509005606
3623.5630947932,0.3473592699
3624.5273212687,0.3437981009
3625.4915477442,0.3402168751
3626.4557742196,0.3366139233
3627.4200006951,0.3329863250
3628.3842271706,0.3293303549
3629.3484536460,0.3256428838
3630.3126801215,0.3219220936
3631.2769065969,0.3181680739
3632.2411330724,0.3143822253
3633.2053595479,0.3105662465
3634.1695860233,0.3067215681
3635.1338124988,0.3028493524
3636.0980389743,0.2989504337
3637.0622654497,0.2950254083
3638.0264919252,0.2910746634
3638.9907184007,0.2870980501
3639.9549448761,0.2830952704
3640.9191713516,0.2790658176
3641.8833978270,0.2750088871
3642.8476243025,0.2709235251
3643.8118507780,0.2668090463
3644.7760772534,0.2626644969
3645.7403037289,0.2584887743
3646.7045302044,0.2542804182
3647.6687566798,0.2500377297
3648.6329831553,0.2457594424
3649.5972096308,0.2414451987
3650.5614361062,0.2370960414
3651.5256625817,0.2327149659
3652.4898890571,0.2283064276
3653.4541155326,0.2238754481
3654.4183420081,0.2194270939
3655.3825684835,0.2149657756
3656.3467949590,0.2104959041
3657.3110214345,0.2060220987
3658.2752479099,0.2015495747
3659.2394743854,0.1970835924
3660.2037008609,0.1926293373
3661.1679273363,0.1881913692
3662.1321538118,0.1837738156
3663.0963802873,0.1793808341
3664.0606067627,0.1750169396
3665.0248332382,0.1706869006
3665.9890597136,0.1663956940
3666.9532861891,0.1621481031
3667.9175126646,0.1579480171
3668.8817391400,0.1537988186
3669.8459656155,0.1497035325
3670.8101920910,0.1456655562
3671.7744185664,0.1416885853
3672.7386450419,0.1377762556
3673.7028715174,0.1339308918
3674.6670979928,0.1301531792
3675.6313244683,0.1264432818
3676.5955509437,0.1228021607
3677.5597774192,0.1192329749
3678.5240038947,0.1157405972
3679.4882303701,0.1123305187
3680.4524568456,0.1090074927
3681.4166833211,0.1057753190
3682.3809097965,0.1026366204
3683.3451362720,0.0995931402
3684.3093627475,0.0966455340
3685.2735892229,0.0937929973
3686.2378156984,0.0910328403
3687.2020421738,0.0883606747
3688.1662686493,0.0857713223
3689.1304951248,0.0832604319
3690.0947216002,0.0808255598
3691.0589480757,0.0784662142
3692.0231745512,0.0761834085
3692.9874010266,0.0739783421
3693.9516275021,0.0718515739
3694.9158539776,0.0698026568
3695.8800804530,0.0678302869
3696.8443069285,0.0659323037
3697.8085334040,0.0641062111
3698.7727598794,0.0623492338
3699.7369863549,0.0606585927
3700.7012128303,0.0590315275
3701.6654393058,0.0574658476
3702.6296657813,0.0559602343
3703.5938922567,0.0545142628
3704.5581187322,0.0531278737
3705.5223452077,0.0518007576
3706.4865716831,0.0505316816
3707.4507981586,0.0493178889
3708.4150246341,0.0481553972
3709.3792511095,0.0470393375
3710.3434775850,0.0459645540
3711.3077040604,0.0449263230
3712.2719305359,0.0439210720
3713.2361570114,0.0429470278
3714.2003834868,0.0420041382
3715.1646099623,0.0410935655
3716.1288364378,0.0402165875
3717.0930629132,0.0393741094
3718.0572893887,0.0385661386
3719.0215158642,0.0377919972
3719.9857423396,0.0370504670
3720.9499688151,0.0363400951
3721.9141952905,0.0356592871
3722.8784217660,0.0350064300
3723.8426482415,0.0343799889
3724.8068747169,0.0337784551
3725.7711011924,0.0332004465
3726.7353276679,0.0326446332
3727.6995541433,0.0321099646
3728.6637806188,0.0315955468
3729.6280070943,0.0311002899
3730.5922335697,0.0306226499
3731.5564600452,0.0301606841
3732.5206865207,0.0297123473
3733.4849129961,0.0292760767
3734.4491394716,0.0288507566
3735.4133659470,0.0284357183
3736.3775924225,0.0280308500
3737.3418188980,0.0276371725
3738.3060453734,0.0272570271
3739.2702718489,0.0268936008
3740.2344983244,0.0265497118
3741.1987247998,0.0262264423
3742.1629512753,0.0259221531
3743.1271777508,0.0256321914
3744.0914042262,0.0253504906
3745.0556307017,0.0250722095
3746.0198571771,0.0247953925
3746.9840836526,0.0245210547
3747.9483101281,0.0242509674
3748.9125366035,0.0239856448
3749.8767630790,0.0237233806
3750.8409895545,0.0234614667
3751.8052160299,0.0231975280
3752.7694425054,0.0229312368
3753.7336689809,0.0226645097
3754.6978954563,0.0224012434
3755.6621219318,0.0221456010
3756.6263484072,0.0219006445
3757.5905748827,0.0216672271
3758.5548013582,0.0214441884
3759.5190278336,0.0212292001
3760.4832543091,0.0210201070
3761.4474807846,0.0208156761
3762.4117072600,0.0206157919
3763.3759337355,0.0204209387
3764.3401602110,0.0202315170
3765.3043866864,0.0200474355
3766.2686131619,0.0198679846
3767.2328396374,0.0196921285
3768.1970661128,0.0195184294
3769.1612925883,0.0193455033
3770.1255190637,0.0191722400
3771.0897455392,0.0189984776
3772.0539720147,0.0188250821
3773.0181984901,0.0186536480
3773.9824249656,0.0184859801
3774.9466514411,0.0183235090
3775.9108779165,0.0181670375
3776.8751043920,0.0180165023
3777.8393308675,0.0178709030
3778.8035573429,0.0177284535
3779.7677838184,0.0175871812
3780.7320102938,0.0174455252
3781.6962367693,0.0173029993
3782.6604632448,0.0171598475
3783.6246897202,0.0170168765
3784.5889161957,0.0168748405
3785.5531426712,0.0167343039
3786.5173691466,0.0165956151
3787.4815956221,0.0164590664
3788.4458220976,0.0163247660
3789.4100485730,0.0161929261
3790.3742750485,0.0160635691
3791.3385015239,0.0159368813
3792.3027279994,0.0158131048
3793.2669544749,0.0156926382
3794.2311809503,0.0155759593
3795.1954074258,0.0154635785
3796.1596339013,0.0153560797
3797.1238603767,0.0152541045
3798.0880868522,0.0151580768
3799.0523133277,0.0150675643
3800.0165398031,0.0149804736
3800.9807662786,0.0148934266
3801.9449927540,0.0148030231
3802.9092192295,0.0147072021
3803.8734457050,0.0146057270
3804.8376721804,0.0144993514
3805.8018986559,0.0143886926
3806.7661251314,0.0142742367
3807.7303516068,0.0141570037
3808.6945780823,0.0140393469
3809.6588045578,0.0139251715
3810.6230310332,0.0138188815
3811.5872575087,0.0137241054
3812.5514839842,0.0136425989
3813.5157104596,0.0135734202
3814.4799369351,0.0135129588
3815.4441634105,0.0134559488
3816.4083898860,0.0133971050
3817.3726163615,0.0133330906
3818.3368428369,0.0132628400
3819.3010693124,0.0131867044
3820.2652957879,0.0131050320
3821.2295222633,0.0130177736
3822.1937487388,0.0129250130
3823.1579752143,0.0128279254
3824.1222016897,0.0127290208
3825.0864281652,0.0126312580
3826.0506546406,0.0125372475
3827.0148811161,0.0124487448
3827.9791075916,0.0123667046
3828.9433340670,0.0122915516
3829.9075605425,0.0122233061
3830.8717870180,0.0121616209
3831.8360134934,0.0121059865
3832.8002399689,0.0120558944
3833.7644664444,0.0120104924
3834.7286929198,0.0119684748
3835.6929193953,0.0119274985
3836.6571458707,0.0118843177
3837.6213723462,0.0118354224
3838.5855988217,0.0117784729
3839.5498252971,0.0117132869
3840.5140517726,0.0116418358
3841.4782782481,0.0115674185
3842.4425047235,0.0114936261
3843.4067311990,0.0114236986
3844.3709576745,0.0113603994
3845.3351841499,0.0113059571
3846.2994106254,0.0112620676
3847.2636371009,0.0112296315
3848.2278635763,0.0112084607
3849.1920900518,0.0111971451
3850.1563165272,0.0111925239
3851.1205430027,0.0111897076
3852.0847694782,0.0111823501
3853.0489959536,0.0111641828
3854.0132224291,0.0111307716
3854.9774489046,0.0110817216
3855.9416753800,0.0110209156
3856.9059018555,0.0109553123
3857.8701283310,0.0108920811
3858.8343548064,0.0108361579
3859.7985812819,0.0107894503
3860.7628077573,0.0107512912
3861.7270342328,0.0107192378
3862.6912607083,0.0106903985
3863.6554871837,0.0106619839
3864.6197136592,0.0106321927
3865.5839401347,0.0106002809
3866.5481666101,0.0105667282
3867.5123930856,0.0105325403
3868.4766195611,0.0104983030
3869.4408460365,0.0104638822
3870.4050725120,0.0104287211
3871.3692989874,0.0103926361
3872.3335254629,0.0103561552
3873.2977519384,0.0103202881
3874.2619784138,0.0102858553
3875.2262048893,0.0102534387
3876.1904313648,0.0102234371
3877.1546578402,0.0101960078
3878.1188843157,0.0101711238
3879.0831107912,0.0101482030
3880.0473372666,0.0101265544
3881.0115637421,0.0101057021
3881.9757902176,0.0100856451
3882.9400166930,0.0100666499
3883.9042431685,0.0100486083
3884.8684696439,0.0100309383
3885.8326961194,0.0100128725
3886.7969225949,0.0099944891
3887.7611490703,0.0099768741
3888.7253755458,0.0099616973
3889.6896020213,0.0099501759
3890.6538284967,0.0099422559
3891.6180549722,0.0099368533
3892.5822814477,0.0099328272
3893.5465079231,0.0099296756
3894.5107343986,0.0099277161
3895.4749608740,0.0099277953
3896.4391873495,0.0099304970
3897.4034138250,0.0099357413
3898.3676403004,0.0099426797
3899.3318667759,0.0099499375
3900.2960932514,0.0099559231
3901.2603197268,0.0099592870
3902.2245462023,0.0099587832
3903.1887726778,0.0099535128
3904.1529991532,0.0099428389
3905.1172256287,0.0099267894
3906.0814521041,0.0099061849
3907.0456785796,0.0098827481
3908.0099050551,0.0098586231
3908.9741315305,0.0098359566
3909.9383580060,0.0098164156
3910.9025844815,0.0098008476
3911.8668109569,0.0097893300
3912.8310374324,0.0097813345
3913.7952639079,0.0097760661
3914.7594903833,0.0097725978
3915.7237168588,0.0097700823
3916.6879433343,0.0097679375
3917.6521698097,0.0097659519
3918.6163962852,0.0097642578
3919.5806227606,0.0097633312
3920.5448492361,0.0097635435
3921.5090757116,0.0097649731
3922.4733021870,0.0097672762
3923.4375286625,0.0097697387
3924.4017551380,0.0097716181
3925.3659816134,0.0097724656
3926.3302080889,0.0097723063
3927.2944345644,0.0097715119
3928.2586610398,0.0097705321
3929.2228875153,0.0097695533
3930.1871139907,0.0097684674
3931.1513404662,0.0097668264
3932.1155669417,0.0097641516
3933.0797934171,0.0097602075
3934.0440198926,0.0097549921
3935.0082463681,0.0097488239
3935.9724728435,0.0097420467
3936.9366993190,0.0097348988
3937.9009257945,0.0097274072
3938.8651522699,0.0097194389
3939.8293787454,0.0097108884
3940.7936052208,0.0097016497
3941.7578316963,0.0096918028
3942.7220581718,0.0096815592
3943.6862846472,0.0096713426
3944.6505111227,0.0096617341
3945.6147375982,0.0096532647
3946.5789640736,0.0096462239
3947.5431905491,0.0096405074
3948.5074170246,0.0096356636
3949.4716435000,0.0096308999
3950.4358699755,0.0096252887
3951.4000964510,0.0096177990
3952.3643229264,0.0096076364
3953.3285494019,0.0095944041
3954.2927758773,0.0095783137
3955.2570023528,0.0095599750
3956.2212288283,0.0095403939
3957.1854553037,0.0095205223
3958.1496817792,0.0095013389
3959.1139082547,0.0094835600
3960.0781347301,0.0094675794
3961.0423612056,0.0094533730
3962.0065876811,0.0094403829
3962.9708141565,0.0094278175
3963.9350406320,0.0094147753
3964.8992671074,0.0094007291
3965.8634935829,0.0093856780
3966.8277200584,0.0093699927
3967.7919465338,0.0093542021
3968.7561730093,0.0093386760
3969.7203994848,0.0093231779
3970.6846259602,0.0093069654
3971.6488524357,0.0092891147
3972.6130789112,0.0092688045
3973.5773053866,0.0092458511
3974.5415318621,0.0092208106
3975.5057583375,0.0091948463
3976.4699848130,0.0091692004
3977.4342112885,0.0091447979
3978.3984377639,0.0091218781
3979.3626642394,0.0091002276
3980.3268907149,0.0090793194
3981.2911171903,0.0090588871
3982.2553436658,0.0090388255
3983.2195701413,0.0090193208
3984.1837966167,0.0090005035
3985.1480230922,0.0089822952
3986.1122495676,0.0089641931
3987.0764760431,0.0089455107
3988.0407025186,0.0089254547
3989.0049289940,0.0089032855
3989.9691554695,0.0088785021
3990.9333819450,0.0088511584
3991.8976084204,0.0088216225
3992.8618348959,0.0087907417
3993.8260613714,0.0087594679
3994.7902878468,0.0087285647
3995.7545143223,0.0086985622
3996.7187407978,0.0086694863
3997.6829672732,0.0086411256
3998.6471937487,0.0086131096
