999.9028550560,0.0423904285
1000.8672688891,0.0428619795
1001.8316827223,0.0428087711
1002.7960965554,0.0424573980
1003.7605103885,0.0420097001
1004.7249242216,0.0416014493
1005.6893380547,0.0412326455
1006.6537518879,0.0408436619
1007.6181657210,0.0403418355
1008.5825795541,0.0397023931
1009.5469933872,0.0389363505
1010.5114072203,0.0380372815
1011.4758210535,0.0369547270
1012.4402348866,0.0355905294
1013.4046487197,0.0338382609
1014.3690625528,0.0317364559
1015.3334763859,0.0294640139
1016.2978902190,0.0273548700
1017.2623040522,0.0257328767
1018.2267178853,0.0247044507
1019.1911317184,0.0240420755
1020.1555455515,0.0233053900
1021.1199593846,0.0221072417
1022.0843732178,0.0203650650
1023.0487870509,0.0183348209
1024.0132008840,0.0164486095
1024.9776147171,0.0150504652
1025.9420285502,0.0142807523
1026.9064423834,0.0141018555
1027.8708562165,0.0143541452
1028.8352700496,0.0148477163
1029.7996838827,0.0154311936
1030.7640977158,0.0160321016
1031.7285115489,0.0166972298
1032.6929253821,0.0175449234
1033.6573392152,0.0186091289
1034.6217530483,0.0197770018
1035.5861668814,0.0207934994
1036.5505807145,0.0214246828
1037.5149945477,0.0215898175
1038.4794083808,0.0213852338
1039.4438222139,0.0209953319
1040.4082360470,0.0205329526
1041.3726498801,0.0199760813
1042.3370637132,0.0192880165
1043.3014775464,0.0185751840
1044.2658913795,0.0180806965
1045.2303052126,0.0179568436
1046.1947190457,0.0180439986
1047.1591328788,0.0178953782
1048.1235467120,0.0171146542
1049.0879605451,0.0157440323
1050.0523743782,0.0143504757
1051.0167882113,0.0135853495
1051.9812020444,0.0136605781
1052.9456158776,0.0140633238
1053.9100297107,0.0138376392
1054.8744435438,0.0121477563
1055.8388573769,0.0087661548
1056.8032712100,0.0041909930
1057.7676850431,-0.0006896687
1058.7320988763,-0.0050666681
1059.6965127094,-0.0086097354
1060.6609265425,-0.0115427189
1061.6253403756,-0.0143857962
1062.5897542087,-0.0175380427
1063.5541680419,-0.0209710207
1064.5185818750,-0.0243351907
1065.4829957081,-0.0271846894
1066.4474095412,-0.0293681435
1067.4118233743,-0.0311405938
1068.3762372075,-0.0328726806
1069.3406510406,-0.0348607227
1070.3050648737,-0.0370258279
1071.2694787068,-0.0390267149
1072.2338925399,-0.0403872468
1073.1983063730,-0.0407266915
1074.1627202062,-0.0399377123
1075.1271340393,-0.0382166356
1076.0915478724,-0.0359955691
1077.0559617055,-0.0337607376
1078.0203755386,-0.0318809487
1078.9847893718,-0.0304883104
1079.9492032049,-0.0295874067
1080.9136170380,-0.0291250274
1081.8780308711,-0.0290543865
1082.8424447042,-0.0292030089
1083.8068585374,-0.0291525498
1084.7712723705,-0.0283754971
1085.7356862036,-0.0265571754
1086.7001000367,-0.0239581317
1087.6645138698,-0.0214187205
1088.6289277029,-0.0198847968
1089.5933415361,-0.0198747069
1090.5577553692,-0.0211866125
1091.5221692023,-0.0230911728
1092.4865830354,-0.0248305965
1093.4509968685,-0.0259241574
1094.4154107017,-0.0262333266
1095.3798245348,-0.0258434247
1096.3442383679,-0.0249333475
1097.3086522010,-0.0237764828
1098.2730660341,-0.0227131955
1099.2374798673,-0.0220939387
1100.2018937004,-0.0222214609
1101.1663075335,-0.0232663993
1102.1307213666,-0.0252773780
1103.0951351997,-0.0280415583
1104.0595490328,-0.0310470182
1105.0239628660,-0.0335387252
1105.9883766991,-0.0348304473
1106.9527905322,-0.0347937532
1107.9172043653,-0.0340359658
1108.8816181984,-0.0336717479
1109.8460320316,-0.0346836597
1110.8104458647,-0.0372661911
1111.7748596978,-0.0406477936
1112.7392735309,-0.0434890352
1113.7036873640,-0.0446706712
1114.6681011971,-0.0438422412
1115.6325150303,-0.0415321849
1116.5969288634,-0.0387606658
1117.5613426965,-0.0364671201
1118.5257565296,-0.0351377837
1119.4901703627,-0.0347084329
1120.4545841959,-0.0348056778
1121.4189980290,-0.0350359492
1122.3834118621,-0.0352065898
1123.3478256952,-0.0353992470
1124.3122395283,-0.0358368568
1125.2766533615,-0.0367074832
1126.2410671946,-0.0379854478
1127.2054810277,-0.0394138657
1128.1698948608,-0.0406101793
1129.1343086939,-0.0412899852
1130.0987225270,-0.0413477831
1131.0631363602,-0.0409844853
1132.0275501933,-0.0404652283
1132.9919640264,-0.0400432162
1133.9563778595,-0.0397689082
1134.9207916926,-0.0395111144
1135.8852055258,-0.0390597433
1136.8496193589,-0.0383680090
1137.8140331920,-0.0376450866
1138.7784470251,-0.0373955481
1139.7428608582,-0.0381010436
1140.7072746914,-0.0399422981
1141.6716885245,-0.0425083153
1142.6361023576,-0.0450036936
1143.6005161907,-0.0466788970
1144.5649300238,-0.0473779701
1145.5293438569,-0.0475889742
1146.4937576901,-0.0481100678
1147.4581715232,-0.0496072918
1148.4225853563,-0.0523228496
1149.3869991894,-0.0562365539
1150.3514130225,-0.0611025356
1151.3158268557,-0.0664217249
1152.2802406888,-0.0713611022
1153.2446545219,-0.0750069171
1154.2090683550,-0.0769463405
1155.1734821881,-0.0776655972
1156.1378960213,-0.0784307197
1157.1023098544,-0.0805756450
1158.0667236875,-0.0846985206
1159.0311375206,-0.0903938487
1159.9955513537,-0.0965955928
1160.9599651868,-0.1022890806
1161.9243790200,-0.1070706621
1162.8887928531,-0.1111751869
1163.8532066862,-0.1151788011
1164.8176205193,-0.1195860729
1165.7820343524,-0.1245694906
1166.7464481856,-0.1300226152
1167.7108620187,-0.1357858330
1168.6752758518,-0.1417251974
1169.6396896849,-0.1477764845
1170.6041035180,-0.1538479477
1171.5685173512,-0.1598552018
1172.5329311843,-0.1657395214
1173.4973450174,-0.1715192497
1174.4617588505,-0.1772164106
1175.4261726836,-0.1829594523
1176.3905865167,-0.1889153272
1177.3550003499,-0.1954014599
1178.3194141830,-0.2026545703
1179.2838280161,-0.2105480283
1180.2482418492,-0.2183901221
1181.2126556823,-0.2251955271
1182.1770695155,-0.2302027941
1183.1414833486,-0.2332669646
1184.1058971817,-0.2349440008
1185.0703110148,-0.2361036241
1186.0347248479,-0.2375017554
1186.9991386810,-0.2395127416
1187.9635525142,-0.2421402186
1188.9279663473,-0.2452631146
1189.8923801804,-0.2488887459
1190.8567940135,-0.2532373071
1191.8212078466,-0.2584555745
1192.7856216798,-0.2642389834
1193.7500355129,-0.2696957886
1194.7144493460,-0.2736847103
1195.6788631791,-0.2755085528
1196.6432770122,-0.2754681706
1197.6076908454,-0.2746241391
1198.5721046785,-0.2740773559
1199.5365185116,-0.2744333148
1200.5009323447,-0.2756956816
1201.4653461778,-0.2775525451
1202.4297600109,-0.2796552777
1203.3941738441,-0.2815634906
1204.3585876772,-0.2827047706
1205.3230015103,-0.2824111879
1206.2874153434,-0.2802240551
1207.2518291765,-0.2761360407
1208.2162430097,-0.2707269490
1209.1806568428,-0.2649655640
1210.1450706759,-0.2597986758
1211.1094845090,-0.2558574677
1212.0738983421,-0.2531749308
1213.0383121753,-0.2512226701
1214.0027260084,-0.2491309494
1214.9671398415,-0.2460851222
1215.9315536746,-0.2417769283
1216.8959675077,-0.2365439832
1217.8603813408,-0.2311972678
1218.8247951740,-0.2264633924
1219.7892090071,-0.2226065695
1220.7536228402,-0.2193295509
1221.7180366733,-0.2161809802
1222.6824505064,-0.2128709406
1223.6468643396,-0.2095021755
1224.6112781727,-0.2063425928
1225.5756920058,-0.2035756558
1226.5401058389,-0.2011646777
1227.5045196720,-0.1988894939
1228.4689335052,-0.1963610798
1229.4333473383,-0.1931758076
1230.3977611714,-0.1890731156
1231.3621750045,-0.1840786934
1232.3265888376,-0.1785062999
1233.2910026707,-0.1728164852
1234.2554165039,-0.1672459245
1235.2198303370,-0.1617542654
1236.1842441701,-0.1561341584
1237.1486580032,-0.1502149850
1238.1130718363,-0.1440334171
1239.0774856695,-0.1376573741
1240.0418995026,-0.1310794801
1241.0063133357,-0.1241199523
1241.9707271688,-0.1165971309
1242.9351410019,-0.1085348651
1243.8995548351,-0.1002450734
1244.8639686682,-0.0922231749
1245.8283825013,-0.0848122761
1246.7927963344,-0.0780802667
1247.7572101675,-0.0717335716
1248.7216240006,-0.0653887093
1249.6860378338,-0.0587778017
1250.6504516669,-0.0518237762
1251.6148655000,-0.0446596593
1252.5792793331,-0.0374891236
1253.5436931662,-0.0305378512
1254.5081069994,-0.0240948275
1255.4725208325,-0.0185288545
1256.4369346656,-0.0141518544
1257.4013484987,-0.0110684140
1258.3657623318,-0.0090968842
1259.3301761649,-0.0078666266
1260.2945899981,-0.0070492076
1261.2590038312,-0.0064501339
1262.2234176643,-0.0060501397
1263.1878314974,-0.0058455556
1264.1522453305,-0.0057932627
1265.1166591637,-0.0057611535
1266.0810729968,-0.0055620736
1267.0454868299,-0.0049574953
1268.0099006630,-0.0037391649
1268.9743144961,-0.0018070834
1269.9387283293,0.0007616860
1270.9031421624,0.0037295320
1271.8675559955,0.0068037985
1272.8319698286,0.0098670563
1273.7963836617,0.0129523315
1274.7607974948,0.0162357688
1275.7252113280,0.0198136978
1276.6896251611,0.0236168522
1277.6540389942,0.0274383556
1278.6184528273,0.0310869254
1279.5828666604,0.0344598107
1280.5472804936,0.0375689380
1281.5116943267,0.0404835753
1282.4761081598,0.0432716087
1283.4405219929,0.0460105576
1284.4049358260,0.0487628095
1285.3693496592,0.0516100153
1286.3337634923,0.0546063036
1287.2981773254,0.0576961637
1288.2625911585,0.0606947429
1289.2270049916,0.0633685589
1290.1914188247,0.0655166879
1291.1558326579,0.0671570376
1292.1202464910,0.0684790313
1293.0846603241,0.0697689205
1294.0490741572,0.0712459609
1295.0134879903,0.0729629099
1295.9779018235,0.0748899505
1296.9423156566,0.0769816563
1297.9067294897,0.0792545602
1298.8711433228,0.0817334205
1299.8355571559,0.0844457671
1300.7999709891,0.0873718709
1301.7643848222,0.0905066878
1302.7287986553,0.0938626006
1303.6932124884,0.0974533781
1304.6576263215,0.1013230458
1305.6220401546,0.1054986715
1306.5864539878,0.1099550277
1307.5508678209,0.1146416515
1308.5152816540,0.1194287390
1309.4796954871,0.1242016032
1310.4441093202,0.1288419068
1311.4085231534,0.1332863271
1312.3729369865,0.1374417692
1313.3373508196,0.1412284225
1314.3017646527,0.1446049660
1315.2661784858,0.1475457549
1316.2305923190,0.1500383765
1317.1950061521,0.1520998180
1318.1594199852,0.1537190527
1319.1238338183,0.1550208777
1320.0882476514,0.1561644375
1321.0526614845,0.1574015766
1322.0170753177,0.1588423699
1322.9814891508,0.1604891419
1323.9459029839,0.1622299403
1324.9103168170,0.1639207453
1325.8747306501,0.1655340195
1326.8391444833,0.1671894938
1327.8035583164,0.1690302938
1328.7679721495,0.1711894423
1329.7323859826,0.1736524701
1330.6967998157,0.1762962490
1331.6612136488,0.1788773984
1332.6256274820,0.1812163591
1333.5900413151,0.1832511872
1334.5544551482,0.1850699633
1335.5188689813,0.1868472397
1336.4832828144,0.1886334419
1337.4476966476,0.1902813613
1338.4121104807,0.1916540414
1339.3765243138,0.1924425662
1340.3409381469,0.1926152706
1341.3053519800,0.1922244430
1342.2697658132,0.1915490031
1343.2341796463,0.1908519864
1344.1985934794,0.1901510805
1345.1630073125,0.1895699054
1346.1274211456,0.1891371161
1347.0918349787,0.1888926178
1348.0562488119,0.1887579858
1349.0206626450,0.1886134893
1349.9850764781,0.1882761121
1350.9494903112,0.1877112091
1351.9139041443,0.1869676411
1352.8783179775,0.1862071007
1353.8427318106,0.1855880767
1354.8071456437,0.1852378547
1355.7715594768,0.1851766109
1356.7359733099,0.1853328049
1357.7003871431,0.1856089532
1358.6648009762,0.1858603209
1359.6292148093,0.1861481667
1360.5936286424,0.1864761412
1361.5580424755,0.1868749857
1362.5224563086,0.1876148880
1363.4868701418,0.1887419373
1364.4512839749,0.1905104816
1365.4156978080,0.1927909553
1366.3801116411,0.1954998672
1367.3445254742,0.1982193142
1368.3089393074,0.2004497796
1369.2733531405,0.2019871473
1370.2377669736,0.2029504329
1371.2021808067,0.2038068473
1372.1665946398,0.2049648613
1373.1310084730,0.2068829536
1374.0954223061,0.2096455246
1375.0598361392,0.2134599090
1376.0242499723,0.2184949368
1376.9886638054,0.2249595225
1377.9530776385,0.2328385264
1378.9174914717,0.2417721152
1379.8819053048,0.2514749467
1380.8463191379,0.2616284788
1381.8107329710,0.2719645500
1382.7751468041,0.2823896408
1383.7395606373,0.2930378616
1384.7039744704,0.3043780625
1385.6683883035,0.3165191710
1386.6328021366,0.3295063674
1387.5972159697,0.3425548077
1388.5616298029,0.3551676869
1389.5260436360,0.3671177328
1390.4904574691,0.3788228333
1391.4548713022,0.3907740414
1392.4192851353,0.4031983912
1393.3836989684,0.4159213603
1394.3481128016,0.4282808304
1395.3125266347,0.4401354492
1396.2769404678,0.4513070881
1397.2413543009,0.4619333148
1398.2057681340,0.4720047116
1399.1701819672,0.4811798036
1400.1345958003,0.4889127314
1401.0990096334,0.4951690435
1402.0634234665,0.5002526641
1403.0278372996,0.5041489601
1403.9922511328,0.5068587661
1404.9566649659,0.5082023740
1405.9210787990,0.5083727837
1406.8854926321,0.5078349113
1407.8499064652,0.5073177218
1408.8143202983,0.5072152019
1409.7787341315,0.5079046488
1410.7431479646,0.5095548630
1411.7075617977,0.5123910308
1412.6719756308,0.5166533589
1413.6363894639,0.5224457383
1414.6008032971,0.5296990275
1415.5652171302,0.5382553339
1416.5296309633,0.5485882163
1417.4940447964,0.5607139468
1418.4584586295,0.5740013719
1419.4228724626,0.5883784294
1420.3872862958,0.6030752659
1421.3517001289,0.6189011931
1422.3161139620,0.6358850598
1423.2805277951,0.6546772122
1424.2449416282,0.6744441390
1425.2093554614,0.6948587298
1426.1737692945,0.7158806920
1427.1381831276,0.7378599644
1428.1025969607,0.7612387538
1429.0670107938,0.7860730290
1430.0314246270,0.8124056458
1430.9958384601,0.8398910165
1431.9602522932,0.8682263494
1432.9246661263,0.8971002698
1433.8890799594,0.9264984727
1434.8534937925,0.9556755424
1435.8179076257,0.9842461944
1436.7823214588,1.0104728937
1437.7467352919,1.0338110924
1438.7111491250,1.0541942120
1439.6755629581,1.0727632046
1440.6399767913,1.0892680883
1441.6043906244,1.1040697098
1442.5688044575,1.1168671846
1443.5332182906,1.1277363300
1444.4976321237,1.1371067762
1445.4620459569,1.1452140808
1446.4264597900,1.1521854401
1447.3908736231,1.1576821804
1448.3552874562,1.1615220308
1449.3197012893,1.1639119387
1450.2841151224,1.1652660370
1451.2485289556,1.1655775309
1452.2129427887,1.1648004055
1453.1773566218,1.1626908779
1454.1417704549,1.1599633694
1455.1061842880,1.1564432383
1456.0705981212,1.1505882740
1457.0350119543,1.1422696114
1457.9994257874,1.1301652193
1458.9638396205,1.1160006523
1459.9282534536,1.1001169682
1460.8926672868,1.0841888189
1461.8570811199,1.0684380531
1462.8214949530,1.0524066687
1463.7859087861,1.0360528231
1464.7503226192,1.0193984509
1465.7147364523,1.0017349720
1466.6791502855,0.9827980995
1467.6435641186,0.9619947076
1468.6079779517,0.9393725991
1469.5723917848,0.9146701694
1470.5368056179,0.8881664276
1471.5012194511,0.8594943881
1472.4656332842,0.8282186985
1473.4300471173,0.7951728702
1474.3944609504,0.7608999610
1475.3588747835,0.7269138098
1476.3232886167,0.6932730079
1477.2877024498,0.6605592370
1478.2521162829,0.6282285452
1479.2165301160,0.5968409181
1480.1809439491,0.5668230653
1481.1453577822,0.5382711887
1482.1097716154,0.5112068653
1483.0741854485,0.4855407476
1484.0385992816,0.4612764418
1485.0030131147,0.4384671450
1485.9674269478,0.4169183671
1486.9318407810,0.3969709575
1487.8962546141,0.3786102235
1488.8606684472,0.3618659675
1489.8250822803,0.3468519747
1490.7894961134,0.3330700696
1491.7539099465,0.3200367689
1492.7183237797,0.3080956638
1493.6827376128,0.2976779342
1494.6471514459,0.2890220881
1495.6115652790,0.2815391719
1496.5759791121,0.2742484510
1497.5403929453,0.2671540678
1498.5048067784,0.2601532638
1499.4692206115,0.2538061142
1500.4336344446,0.2474497855
1501.3980482777,0.2412796915
1502.3624621109,0.2355206013
1503.3268759440,0.2313720286
1504.2912897771,0.2292509675
1505.2557036102,0.2307431400
1506.2201174433,0.2340467721
1507.1845312764,0.2383058816
1508.1489451096,0.2435732335
1509.1133589427,0.2507699132
1510.0777727758,0.2613408566
1511.0421866089,0.2736530602
1512.0066004420,0.2868060768
1512.9710142752,0.2987889349
1513.9354281083,0.3080649376
1514.8998419414,0.3137400746
1515.8642557745,0.3155721724
1516.8286696076,0.3137130141
1517.7930834408,0.3094190359
1518.7574972739,0.3052668273
1519.7219111070,0.3028847277
1520.6863249401,0.3022113442
1521.6507387732,0.3030420840
1522.6151526063,0.3044232428
1523.5795664395,0.3072282672
1524.5439802726,0.3113607466
1525.5083941057,0.3171138763
1526.4728079388,0.3237812221
1527.4372217719,0.3304811120
1528.4016356051,0.3373952508
1529.3660494382,0.3443671465
1530.3304632713,0.3520115316
1531.2948771044,0.3605719507
1532.2592909375,0.3703585267
1533.2237047707,0.3805955052
1534.1881186038,0.3903747201
1535.1525324369,0.3994149566
1536.1169462700,0.4085918963
1537.0813601031,0.4184944928
1538.0457739362,0.4301755130
1539.0101877694,0.4421046972
1539.9746016025,0.4528683126
1540.9390154356,0.4630630910
1541.9034292687,0.4732918441
1542.8678431018,0.4833242595
1543.8322569350,0.4937621951
1544.7966707681,0.5042703152
1545.7610846012,0.5133348107
1546.7254984343,0.5213154554
1547.6899122674,0.5286460519
1548.6543261006,0.5353556275
1549.6187399337,0.5417578220
1550.5831537668,0.5478770137
1551.5475675999,0.5541039705
1552.5119814330,0.5605029464
1553.4763952661,0.5662748814
1554.4408090993,0.5710807443
1555.4052229324,0.5745596290
1556.3696367655,0.5789242387
1557.3340505986,0.5851503015
1558.2984644317,0.5923341513
1559.2628782649,0.6001188755
1560.2272920980,0.6059426665
1561.1917059311,0.6109879613
1562.1561197642,0.6144755483
1563.1205335973,0.6182250381
1564.0849474304,0.6218212843
1565.0493612636,0.6235263348
1566.0137750967,0.6234171391
1566.9781889298,0.6219121218
1567.9426027629,0.6200465560
1568.9070165960,0.6178429127
1569.8714304292,0.6152585745
1570.8358442623,0.6114852428
1571.8002580954,0.6068201661
1572.7646719285,0.6017555594
1573.7290857616,0.5975322127
1574.6934995948,0.5937217474
1575.6579134279,0.5904410481
1576.6223272610,0.5859516263
1577.5867410941,0.5805975795
1578.5511549272,0.5743816495
1579.5155687603,0.5683927536
1580.4799825935,0.5625827312
1581.4443964266,0.5556755066
1582.4088102597,0.5474728346
1583.3732240928,0.5379817486
1584.3376379259,0.5274153352
1585.3020517591,0.5158559084
1586.2664655922,0.5033519864
1587.2308794253,0.4900631607
1588.1952932584,0.4762546420
1589.1597070915,0.4622539282
1590.1241209247,0.4484587312
1591.0885347578,0.4353286624
1592.0529485909,0.4234109521
1593.0173624240,0.4131716490
1593.9817762571,0.4049212933
1594.9461900902,0.3988466263
1595.9106039234,0.3949544728
1596.8750177565,0.3932049572
1597.8394315896,0.3935985267
1598.8038454227,0.3961659372
1599.7682592558,0.4008709192
1600.7326730890,0.4076460302
1601.6970869221,0.4163046181
1602.6615007552,0.4266549349
1603.6259145883,0.4385391474
1604.5903284214,0.4519416988
1605.5547422546,0.4670056999
1606.5191560877,0.4839673936
1607.4835699208,0.5029845238
1608.4479837539,0.5241847038
1609.4123975870,0.5474985242
1610.3768114201,0.5726211071
1611.3412252533,0.5990656614
1612.3056390864,0.6264648438
1613.2700529195,0.6553249359
1614.2344667526,0.6868551970
1615.1988805857,0.7216404676
1616.1632944189,0.7609220147
1617.1277082520,0.8036364913
1618.0921220851,0.8501619697
1619.0565359182,0.9005662799
1620.0209497513,0.9559874535
1620.9853635845,1.0163191557
1621.9497774176,1.0801080465
1622.9141912507,1.1455475092
1623.8786050838,1.2112643719
1624.8430189169,1.2760510445
1625.8074327500,1.3395978212
1626.7718465832,1.4014680386
1627.7362604163,1.4615937471
1628.7006742494,1.5198823214
1629.6650880825,1.5763067007
1630.6295019156,1.6311875582
1631.5939157488,1.6849385500
1632.5583295819,1.7381272316
1633.5227434150,1.7904182673
1634.4871572481,1.8416390419
1635.4515710812,1.8887503147
1636.4159849143,1.9291189909
1637.3803987475,1.9607157707
1638.3448125806,1.9829163551
1639.3092264137,1.9961569309
1640.2736402468,2.0000000000
1641.2380540799,1.9957816601
1642.2024679131,1.9850134850
1643.1668817462,1.9700403214
1644.1312955793,1.9527258873
1645.0957094124,1.9335844517
1646.0601232455,1.9134429693
1647.0245370787,1.8911910057
1647.9889509118,1.8663827181
1648.9533647449,1.8394573927
1649.9177785780,1.8116890192
1650.8821924111,1.7848201990
1651.8466062442,1.7582297325
1652.8110200774,1.7291351557
1653.7754339105,1.6967934370
1654.7398477436,1.6598905325
1655.7042615767,1.6209806204
1656.6686754098,1.5788426399
1657.6330892430,1.5347591639
1658.5975030761,1.4879899025
1659.5619169092,1.4382640123
1660.5263307423,1.3866457939
1661.4907445754,1.3342462778
1662.4551584086,1.2812858820
1663.4195722417,1.2279852629
1664.3839860748,1.1747560501
1665.3483999079,1.1223194599
1666.3128137410,1.0714298487
1667.2772275741,1.0225038528
1668.2416414073,0.9753887653
1669.2060552404,0.9293736219
1670.1704690735,0.8844103217
1671.1348829066,0.8402820826
1672.0992967397,0.7978196144
1673.0637105729,0.7573681474
1674.0281244060,0.7188517451
1674.9925382391,0.6817197204
1675.9569520722,0.6450028419
1676.9213659053,0.6089738011
1677.8857797385,0.5736541152
1678.8501935716,0.5393770933
1679.8146074047,0.5055241585
1680.7790212378,0.4718088508
1681.7434350709,0.4388678074
1682.7078489040,0.4067203701
1683.6722627372,0.3764084280
1684.6366765703,0.3457515240
1685.6010904034,0.3146047592
1686.5655042365,0.2833453417
1687.5299180696,0.2543019652
1688.4943319028,0.2268422842
1689.4587457359,0.2014291286
1690.4231595690,0.1768762767
1691.3875734021,0.1524936110
1692.3519872352,0.1291338652
1693.3164010684,0.1076465696
1694.2808149015,0.0892601460
1695.2452287346,0.0722259954
1696.2096425677,0.0547971241
1697.1740564008,0.0377283394
1698.1384702339,0.0224164110
1699.1028840671,0.0100122374
1700.0672979002,0.0000000000
1701.0317117333,-0.0091794515
1701.9961255664,-0.0181715209
1702.9605393995,-0.0255097151
1703.9249532327,-0.0298812091
1704.8893670658,-0.0327669457
1705.8537808989,-0.0350437462
1706.8181947320,-0.0374304093
1707.7826085651,-0.0398599617
1708.7470223982,-0.0418298841
1709.7114362314,-0.0432849117
1710.6758500645,-0.0445725061
1711.6402638976,-0.0457034521
1712.6046777307,-0.0469376072
1713.5690915638,-0.0480151139
1714.5335053970,-0.0490816124
1715.4979192301,-0.0489121191
1716.4623330632,-0.0480013527
1717.4267468963,-0.0471318699
1718.3911607294,-0.0467268303
1719.3555745626,-0.0471495315
1720.3199883957,-0.0470928811
1721.2844022288,-0.0471314117
1722.2488160619,-0.0466114655
1723.2132298950,-0.0462123901
1724.1776437281,-0.0464807339
1725.1420575613,-0.0472275130
1726.1064713944,-0.0481910296
1727.0708852275,-0.0492747314
1728.0352990606,-0.0506760851
1728.9997128937,-0.0525620654
1729.9641267269,-0.0549434535
1730.9285405600,-0.0574145168
1731.8929543931,-0.0584865212
1732.8573682262,-0.0586390421
1733.8217820593,-0.0592330694
1734.7861958925,-0.0607906133
1735.7506097256,-0.0636424050
1736.7150235587,-0.0658710450
1737.6794373918,-0.0675334036
1738.6438512249,-0.0681116059
1739.6082650580,-0.0687538013
1740.5726788912,-0.0698680058
1741.5370927243,-0.0711358711
1742.5015065574,-0.0722358599
1743.4659203905,-0.0729177296
1744.4303342236,-0.0734002888
1745.3947480568,-0.0739906505
1746.3591618899,-0.0747073814
1747.3235757230,-0.0754576027
1748.2879895561,-0.0757596567
1749.2524033892,-0.0755667686
1750.2168172224,-0.0752564520
1751.1812310555,-0.0750908628
1752.1456448886,-0.0755821392
1753.1100587217,-0.0767985210
1754.0744725548,-0.0777527466
1755.0388863879,-0.0778522864
1756.0033002211,-0.0776028633
1756.9677140542,-0.0775769502
1757.9321278873,-0.0780897886
1758.8965417204,-0.0787228048
1759.8609555535,-0.0788484886
1760.8253693867,-0.0784295723
1761.7897832198,-0.0777231604
1762.7541970529,-0.0773457587
1763.7186108860,-0.0772362426
1764.6830247191,-0.0772325695
1765.6474385523,-0.0768109038
1766.6118523854,-0.0760801807
1767.5762662185,-0.0756957829
1768.5406800516,-0.0762663037
1769.5050938847,-0.0771841779
1770.4695077178,-0.0778505653
1771.4339215510,-0.0779822171
1772.3983353841,-0.0775603205
1773.3627492172,-0.0774303898
1774.3271630503,-0.0773553923
1775.2915768834,-0.0774957538
1776.2559907166,-0.0771365911
1777.2204045497,-0.0762747899
1778.1848183828,-0.0753965899
1779.1492322159,-0.0745494738
1780.1136460490,-0.0739075094
1781.0780598821,-0.0736494809
1782.0424737153,-0.0737223029
1783.0068875484,-0.0738426000
1783.9713013815,-0.0738366395
1784.9357152146,-0.0738626719
1785.9001290477,-0.0740962699
1786.8645428809,-0.0745933950
1787.8289567140,-0.0751478598
1788.7933705471,-0.0756176859
1789.7577843802,-0.0757258311
1790.7221982133,-0.0757009462
1791.6866120465,-0.0752861574
1792.6510258796,-0.0750081763
1793.6154397127,-0.0747978613
1794.5798535458,-0.0745711476
1795.5442673789,-0.0739386976
1796.5086812120,-0.0733327419
1797.4730950452,-0.0726867691
1798.4375088783,-0.0721930861
1799.4019227114,-0.0716998577
1800.3663365445,-0.0712779611
1801.3307503776,-0.0710222274
1802.2951642108,-0.0710184425
1803.2595780439,-0.0711811706
1804.2239918770,-0.0712176412
1805.1884057101,-0.0712177530
1806.1528195432,-0.0711190179
1807.1172333764,-0.0710964277
1808.0816472095,-0.0711538792
1809.0460610426,-0.0712888539
1810.0104748757,-0.0713527277
1810.9748887088,-0.0713859871
1811.9393025419,-0.0713675246
1812.9037163751,-0.0713330060
1813.8681302082,-0.0711754411
1814.8325440413,-0.0708203986
1815.7969578744,-0.0703140944
1816.7613717075,-0.0697563067
1817.7257855407,-0.0693145692
1818.6901993738,-0.0690447390
1819.6546132069,-0.0689820051
1820.6190270400,-0.0691323504
1821.5834408731,-0.0694041327
1822.5478547063,-0.0697177723
1823.5122685394,-0.0699146762
1824.4766823725,-0.0701518282
1825.4410962056,-0.0705879480
1826.4055100387,-0.0710254386
1827.3699238718,-0.0711792186
1828.3343377050,-0.0708715469
1829.2987515381,-0.0702541247
1830.2631653712,-0.0698630735
1831.2275792043,-0.0698677748
1832.1919930374,-0.0701759085
1833.1564068706,-0.0702933446
1834.1208207037,-0.0702816471
1835.0852345368,-0.0700621530
1836.0496483699,-0.0698002279
1837.0140622030,-0.0695595220
1837.9784760362,-0.0693910569
1838.9428898693,-0.0694136545
1839.9073037024,-0.0696381927
1840.8717175355,-0.0698059648
1841.8361313686,-0.0697408244
1842.8005452017,-0.0690455362
1843.7649590349,-0.0683603436
1844.7293728680,-0.0681086257
1845.6937867011,-0.0682611465
1846.6582005342,-0.0683478415
1847.6226143673,-0.0684215799
1848.5870282005,-0.0681774318
1849.5514420336,-0.0677798465
1850.5158558667,-0.0674104691
1851.4802696998,-0.0669369698
1852.4446835329,-0.0664085373
1853.4090973661,-0.0660149604
1854.3735111992,-0.0659002885
1855.3379250323,-0.0660593435
1856.3023388654,-0.0663462654
1857.2667526985,-0.0666118562
1858.2311665316,-0.0667541176
1859.1955803648,-0.0667233840
1860.1599941979,-0.0665689111
1861.1244080310,-0.0663424805
1862.0888218641,-0.0661275163
1863.0532356972,-0.0659867525
1864.0176495304,-0.0659811944
1864.9820633635,-0.0661030337
1865.9464771966,-0.0662584826
1866.9108910297,-0.0661275759
1867.8753048628,-0.0658073425
1868.8397186959,-0.0655527562
1869.8041325291,-0.0654407740
1870.7685463622,-0.0654735714
1871.7329601953,-0.0656532720
1872.6973740284,-0.0656657740
1873.6617878615,-0.0655049384
1874.6262016947,-0.0653814301
1875.5906155278,-0.0652459413
1876.5550293609,-0.0650570616
1877.5194431940,-0.0648004785
1878.4838570271,-0.0645416453
1879.4482708603,-0.0643415973
1880.4126846934,-0.0641858056
1881.3770985265,-0.0640008301
1882.3415123596,-0.0637218207
1883.3059261927,-0.0633899420
1884.2703400258,-0.0631221756
1885.2347538590,-0.0629643202
1886.1991676921,-0.0628650710
1887.1635815252,-0.0627109408
1888.1279953583,-0.0623684004
1889.0924091914,-0.0620271787
1890.0568230246,-0.0618673190
1891.0212368577,-0.0619284399
1891.9856506908,-0.0620866977
1892.9500645239,-0.0621346869
1893.9144783570,-0.0620655939
1894.8788921902,-0.0619012639
1895.8433060233,-0.0617439263
1896.8077198564,-0.0616500042
1897.7721336895,-0.0615990870
1898.7365475226,-0.0616015531
1899.7009613557,-0.0615853854
1900.6653751889,-0.0615045950
1901.6297890220,-0.0613476597
1902.5942028551,-0.0611866526
1903.5586166882,-0.0611633733
1904.5230305213,-0.0613324083
1905.4874443545,-0.0616514944
1906.4518581876,-0.0619676597
1907.4162720207,-0.0621334836
1908.3806858538,-0.0621619262
1909.3450996869,-0.0621950664
1910.3095135201,-0.0623602569
1911.2739273532,-0.0626778603
1912.2383411863,-0.0630992353
1913.2027550194,-0.0634867921
1914.1671688525,-0.0637371913
1915.1315826856,-0.0637369007
1916.0959965188,-0.0634804815
1917.0604103519,-0.0632054284
1918.0248241850,-0.0629947111
1918.9892380181,-0.0630733818
1919.9536518512,-0.0631778464
1920.9180656844,-0.0631727502
1921.8824795175,-0.0629109964
1922.8468933506,-0.0625670180
1923.8113071837,-0.0623567626
1924.7757210168,-0.0623059012
1925.7401348500,-0.0623728745
1926.7045486831,-0.0624121502
1927.6689625162,-0.0623946600
1928.6333763493,-0.0623264872
1929.5977901824,-0.0621929429
1930.5622040155,-0.0620277524
1931.5266178487,-0.0619099215
1932.4910316818,-0.0618920885
1933.4554455149,-0.0619793572
1934.4198593480,-0.0621285550
1935.3842731811,-0.0622925423
1936.3486870143,-0.0624446049
1937.3131008474,-0.0625943169
1938.2775146805,-0.0627298653
1939.2419285136,-0.0627638623
1940.2063423467,-0.0625758544
1941.1707561798,-0.0622223578
1942.1351700130,-0.0617507510
1943.0995838461,-0.0614615344
1944.0639976792,-0.0614782199
1945.0284115123,-0.0618331432
1945.9928253454,-0.0623561889
1946.9572391786,-0.0628359988
1947.9216530117,-0.0631127730
1948.8860668448,-0.0630346760
1949.8504806779,-0.0626122653
1950.8148945110,-0.0620118119
1951.7793083442,-0.0614312030
1952.7437221773,-0.0610105656
1953.7081360104,-0.0608470924
1954.6725498435,-0.0609605089
1955.6369636766,-0.0613202527
1956.6013775097,-0.0618198439
1957.5657913429,-0.0622764304
1958.5302051760,-0.0625087693
1959.4946190091,-0.0624480434
1960.4590328422,-0.0621842854
1961.4234466753,-0.0619294159
1962.3878605085,-0.0618755184
1963.3522743416,-0.0620616376
1964.3166881747,-0.0623770580
1965.2811020078,-0.0626627803
1966.2455158409,-0.0627341047
1967.2099296741,-0.0625770018
1968.1743435072,-0.0622029230
1969.1387573403,-0.0617003478
1970.1031711734,-0.0611987524
1971.0675850065,-0.0608389527
1972.0319988396,-0.0607394688
1972.9964126728,-0.0608621165
1973.9608265059,-0.0611273646
1974.9252403390,-0.0614387691
1975.8896541721,-0.0617663451
1976.8540680052,-0.0621515475
1977.8184818384,-0.0626023412
1978.7828956715,-0.0630776212
1979.7473095046,-0.0634769276
1980.7117233377,-0.0637287050
1981.6761371708,-0.0638130456
1982.6405510040,-0.0637960732
1983.6049648371,-0.0637974516
1984.5693786702,-0.0638907999
1985.5337925033,-0.0640823096
1986.4982063364,-0.0642829910
1987.4626201695,-0.0644000769
1988.4270340027,-0.0643142983
1989.3914478358,-0.0640074238
1990.3558616689,-0.0635550246
1991.3202755020,-0.0631966591
1992.2846893351,-0.0631254390
1993.2491031683,-0.0633667260
1994.2135170014,-0.0637464225
1995.1779308345,-0.0640091449
1996.1423446676,-0.0641146451
1997.1067585007,-0.0641136169
1998.0711723339,-0.0641591400
1999.0355861670,-0.0643513426
2000.0000000001,-0.0646508783
