999.9028550560,0.0199819542
1000.8672688891,0.0194312353
1001.8316827223,0.0192164537
1002.7960965554,0.0194238927
1003.7605103885,0.0197882857
1004.7249242216,0.0199645162
1005.6893380547,0.0197919570
1006.6537518879,0.0193963554
1007.6181657210,0.0190484840
1008.5825795541,0.0189025439
1009.5469933872,0.0188860223
1010.5114072203,0.0187731236
1011.4758210535,0.0183967985
1012.4402348866,0.0177891720
1013.4046487197,0.0170466173
1014.3690625528,0.0162040163
1015.3334763859,0.0151521405
1016.2978902190,0.0138138914
1017.2623040522,0.0123049188
1018.2267178853,0.0109143509
1019.1911317184,0.0098744081
1020.1555455515,0.0092236409
1021.1199593846,0.0088675087
1022.0843732178,0.0087491041
1023.0487870509,0.0089849960
1024.0132008840,0.0097440714
1024.9776147171,0.0110355094
1025.9420285502,0.0127225481
1026.9064423834,0.0146032572
1027.8708562165,0.0165812597
1028.8352700496,0.0186235122
1029.7996838827,0.0206510797
1030.7640977158,0.0225070063
1031.7285115489,0.0240811463
1032.6929253821,0.0254588649
1033.6573392152,0.0268696249
1034.6217530483,0.0284823161
1035.5861668814,0.0301730279
1036.5505807145,0.0315837897
1037.5149945477,0.0323713161
1038.4794083808,0.0324612670
1039.4438222139,0.0321537815
1040.4082360470,0.0319325775
1041.3726498801,0.0321923345
1042.3370637132,0.0330890901
1043.3014775464,0.0345540047
1044.2658913795,0.0364117660
1045.2303052126,0.0384677872
1046.1947190457,0.0405238084
1047.1591328788,0.0424026810
1048.1235467120,0.0439428613
1049.0879605451,0.0450378768
1050.0523743782,0.0456702858
1051.0167882113,0.0458924100
1051.9812020444,0.0458455980
1052.9456158776,0.0456234738
1053.9100297107,0.0452655070
1054.8744435438,0.0446744002
1055.8388573769,0.0436876938
1056.8032712100,0.0421979949
1057.7676850431,0.0402062275
1058.7320988763,0.0377922356
1059.6965127094,0.0350413918
1060.6609265425,0.0320353769
1061.6253403756,0.0289476756
1062.5897542087,0.0260912739
1063.5541680419,0.0238103755
1064.5185818750,0.0222619344
1065.4829957081,0.0213459041
1066.4474095412,0.0206896290
1067.4118233743,0.0198874138
1068.3762372075,0.0186840910
1069.3406510406,0.0170411095
1070.3050648737,0.0151301119
1071.2694787068,0.0132897897
1072.2338925399,0.0119285937
1073.1983063730,0.0113659417
1074.1627202062,0.0116853593
1075.1271340393,0.0125876218
1076.0915478724,0.0135697387
1077.0559617055,0.0142140817
1078.0203755386,0.0144830160
1078.9847893718,0.0147143183
1079.9492032049,0.0153164389
1080.9136170380,0.0163820814
1081.8780308711,0.0175073873
1082.8424447042,0.0181599893
1083.8068585374,0.0180672854
1084.7712723705,0.0173935704
1085.7356862036,0.0165445451
1086.7001000367,0.0156771615
1087.6645138698,0.0145435957
1088.6289277029,0.0127243837
1089.5933415361,0.0100240204
1090.5577553692,0.0067261262
1091.5221692023,0.0033814204
1092.4865830354,0.0004864693
1093.4509968685,-0.0017889219
1094.4154107017,-0.0035631580
1095.3798245348,-0.0050638695
1096.3442383679,-0.0064305728
1097.3086522010,-0.0077165039
1098.2730660341,-0.0089179911
1099.2374798673,-0.0101139713
1100.2018937004,-0.0114687430
1101.1663075335,-0.0131126419
1102.1307213666,-0.0150263933
1103.0951351997,-0.0169924628
1104.0595490328,-0.0187529307
1105.0239628660,-0.0202343687
1105.9883766991,-0.0215359032
1106.9527905322,-0.0228980165
1107.9172043653,-0.0244308542
1108.8816181984,-0.0260931104
1109.8460320316,-0.0278095212
1110.8104458647,-0.0295635629
1111.7748596978,-0.0313387178
1112.7392735309,-0.0329872072
1113.7036873640,-0.0342015438
1114.6681011971,-0.0346825048
1115.6325150303,-0.0344025567
1116.5969288634,-0.0336361378
1117.5613426965,-0.0328183174
1118.5257565296,-0.0322033465
1119.4901703627,-0.0317554288
1120.4545841959,-0.0313075110
1121.4189980290,-0.0307668876
1122.3834118621,-0.0302648135
1123.3478256952,-0.0300243329
1124.3122395283,-0.0301950555
1125.2766533615,-0.0308091082
1126.2410671946,-0.0317829661
1127.2054810277,-0.0330358520
1128.1698948608,-0.0344879180
1129.1343086939,-0.0360225923
1130.0987225270,-0.0374865867
1131.0631363602,-0.0387477353
1132.0275501933,-0.0397105776
1132.9919640264,-0.0403659344
1133.9563778595,-0.0407064632
1134.9207916926,-0.0407156423
1135.8852055258,-0.0403778665
1136.8496193589,-0.0397298522
1137.8140331920,-0.0389111154
1138.7784470251,-0.0382346474
1139.7428608582,-0.0381015576
1140.7072746914,-0.0389046930
1141.6716885245,-0.0406926945
1142.6361023576,-0.0431635939
1143.6005161907,-0.0458052121
1144.5649300238,-0.0483018085
1145.5293438569,-0.0506864265
1146.4937576901,-0.0532142296
1147.4581715232,-0.0560761392
1148.4225853563,-0.0592207499
1149.3869991894,-0.0625177249
1150.3514130225,-0.0658789501
1151.3158268557,-0.0691887811
1152.2802406888,-0.0720745549
1153.2446545219,-0.0739543438
1154.2090683550,-0.0743508637
1155.1734821881,-0.0733026564
1156.1378960213,-0.0715275034
1157.1023098544,-0.0700937957
1158.0667236875,-0.0699138939
1159.0311375206,-0.0713641271
1159.9955513537,-0.0741305724
1160.9599651868,-0.0775064901
1161.9243790200,-0.0807832703
1162.8887928531,-0.0836323276
1163.8532066862,-0.0862335637
1164.8176205193,-0.0890165344
1165.7820343524,-0.0922437534
1166.7464481856,-0.0958252698
1167.7108620187,-0.0994967371
1168.6752758518,-0.1031590179
1169.6396896849,-0.1070599556
1170.6041035180,-0.1115887091
1171.5685173512,-0.1169600636
1172.5329311843,-0.1230565310
1173.4973450174,-0.1296504885
1174.4617588505,-0.1366134286
1175.4261726836,-0.1440242827
1176.3905865167,-0.1518922299
1177.3550003499,-0.1599492580
1178.3194141830,-0.1675877422
1179.2838280161,-0.1741431504
1180.2482418492,-0.1792061031
1181.2126556823,-0.1829363108
1182.1770695155,-0.1859340668
1183.1414833486,-0.1889373213
1184.1058971817,-0.1925133318
1185.0703110148,-0.1968566775
1186.0347248479,-0.2018572092
1186.9991386810,-0.2072983235
1187.9635525142,-0.2129376978
1188.9279663473,-0.2186248004
1189.8923801804,-0.2242861986
1190.8567940135,-0.2297126204
1191.8212078466,-0.2345332652
1192.7856216798,-0.2382120639
1193.7500355129,-0.2405324429
1194.7144493460,-0.2418651730
1195.6788631791,-0.2433043867
1196.6432770122,-0.2460653335
1197.6076908454,-0.2506326437
1198.5721046785,-0.2563234270
1199.5365185116,-0.2617975771
1200.5009323447,-0.2660160959
1201.4653461778,-0.2688210905
1202.4297600109,-0.2706825137
1203.3941738441,-0.2717325687
1204.3585876772,-0.2713654041
1205.3230015103,-0.2686081529
1206.2874153434,-0.2629908025
1207.2518291765,-0.2551999390
1208.2162430097,-0.2467775941
1209.1806568428,-0.2392878085
1210.1450706759,-0.2335529774
1211.1094845090,-0.2295106947
1212.0738983421,-0.2266102433
1213.0383121753,-0.2241246551
1214.0027260084,-0.2213380039
1214.9671398415,-0.2175857723
1215.9315536746,-0.2124714255
1216.8959675077,-0.2061418146
1217.8603813408,-0.1991807073
1218.8247951740,-0.1923224181
1219.7892090071,-0.1860295236
1220.7536228402,-0.1804048270
1221.7180366733,-0.1753382087
1222.6824505064,-0.1706717759
1223.6468643396,-0.1662843823
1224.6112781727,-0.1620732099
1225.5756920058,-0.1579978764
1226.5401058389,-0.1541501731
1227.5045196720,-0.1506475955
1228.4689335052,-0.1473799944
1229.4333473383,-0.1440169364
1230.3977611714,-0.1401986033
1231.3621750045,-0.1358497590
1232.3265888376,-0.1312420666
1233.2910026707,-0.1267665476
1234.2554165039,-0.1225847453
1235.2198303370,-0.1186214015
1236.1842441701,-0.1147461683
1237.1486580032,-0.1108874604
1238.1130718363,-0.1070342511
1239.0774856695,-0.1030452028
1240.0418995026,-0.0986578017
1241.0063133357,-0.0936150476
1241.9707271688,-0.0878508464
1242.9351410019,-0.0815965012
1243.8995548351,-0.0752779096
1244.8639686682,-0.0693025962
1245.8283825013,-0.0638688281
1246.7927963344,-0.0588682890
1247.7572101675,-0.0539430156
1248.7216240006,-0.0487846062
1249.6860378338,-0.0432149917
1250.6504516669,-0.0373847038
1251.6148655000,-0.0315874591
1252.5792793331,-0.0260738358
1253.5436931662,-0.0210062936
1254.5081069994,-0.0164380725
1255.4725208325,-0.0124572851
1256.4369346656,-0.0091832550
1257.4013484987,-0.0067040971
1258.3657623318,-0.0050124694
1259.3301761649,-0.0040633953
1260.2945899981,-0.0038155713
1261.2590038312,-0.0042432970
1262.2234176643,-0.0052492786
1263.1878314974,-0.0065811030
1264.1522453305,-0.0078587737
1265.1166591637,-0.0087114712
1266.0810729968,-0.0088968808
1267.0454868299,-0.0083819572
1268.0099006630,-0.0072511458
1268.9743144961,-0.0056916904
1269.9387283293,-0.0038724791
1270.9031421624,-0.0019523022
1271.8675559955,-0.0000486469
1272.8319698286,0.0018788729
1273.7963836617,0.0039504976
1274.7607974948,0.0063424581
1275.7252113280,0.0091235936
1276.6896251611,0.0121433744
1277.6540389942,0.0151310302
1278.6184528273,0.0178648960
1279.5828666604,0.0202747546
1280.5472804936,0.0224661604
1281.5116943267,0.0246291123
1282.4761081598,0.0269077159
1283.4405219929,0.0293620918
1284.4049358260,0.0319674574
1285.3693496592,0.0346875526
1286.3337634923,0.0374948494
1287.2981773254,0.0403393172
1288.2625911585,0.0431199931
1289.2270049916,0.0456932336
1290.1914188247,0.0479530208
1291.1558326579,0.0498713627
1292.1202464910,0.0515152588
1293.0846603241,0.0530123003
1294.0490741572,0.0544772148
1295.0134879903,0.0559935309
1295.9779018235,0.0576672591
1296.9423156566,0.0596145131
1297.9067294897,0.0619238652
1298.8711433228,0.0646136776
1299.8355571559,0.0676059201
1300.7999709891,0.0707909167
1301.7643848222,0.0740741268
1302.7287986553,0.0774068981
1303.6932124884,0.0808025450
1304.6576263215,0.0842849314
1305.6220401546,0.0879417136
1306.5864539878,0.0918440223
1307.5508678209,0.0960143507
1308.5152816540,0.1003898159
1309.4796954871,0.1048882827
1310.4441093202,0.1093789414
1311.4085231534,0.1137548760
1312.3729369865,0.1178650782
1313.3373508196,0.1215567365
1314.3017646527,0.1247522905
1315.2661784858,0.1274687201
1316.2305923190,0.1297918409
1317.1950061521,0.1318037957
1318.1594199852,0.1335000247
1319.1238338183,0.1349048167
1320.0882476514,0.1360911578
1321.0526614845,0.1372224241
1322.0170753177,0.1383761913
1322.9814891508,0.1395606846
1323.9459029839,0.1407158226
1324.9103168170,0.1418090016
1325.8747306501,0.1429003477
1326.8391444833,0.1441500187
1327.8035583164,0.1456392556
1328.7679721495,0.1474318504
1329.7323859826,0.1495264322
1330.6967998157,0.1518761665
1331.6612136488,0.1543323696
1332.6256274820,0.1566261202
1333.5900413151,0.1584930718
1334.5544551482,0.1597521454
1335.5188689813,0.1604561508
1336.4832828144,0.1608024240
1337.4476966476,0.1609979272
1338.4121104807,0.1612829268
1339.3765243138,0.1616078466
1340.3409381469,0.1618990451
1341.3053519800,0.1619915068
1342.2697658132,0.1618701220
1343.2341796463,0.1616094559
1344.1985934794,0.1612427682
1345.1630073125,0.1609283984
1346.1274211456,0.1607324332
1347.0918349787,0.1607253104
1348.0562488119,0.1608923674
1349.0206626450,0.1611964107
1349.9850764781,0.1615312099
1350.9494903112,0.1617964655
1351.9139041443,0.1618900895
1352.8783179775,0.1617751271
1353.8427318106,0.1615291387
1354.8071456437,0.1613324881
1355.7715594768,0.1613751650
1356.7359733099,0.1617420763
1357.7003871431,0.1624031812
1358.6648009762,0.1631737202
1359.6292148093,0.1639789194
1360.5936286424,0.1647244543
1361.5580424755,0.1653961092
1362.5224563086,0.1662462801
1363.4868701418,0.1673706770
1364.4512839749,0.1689884067
1365.4156978080,0.1710005999
1366.3801116411,0.1732578725
1367.3445254742,0.1753747016
1368.3089393074,0.1768900901
1369.2733531405,0.1776590347
1370.2377669736,0.1778756529
1371.2021808067,0.1780491322
1372.1665946398,0.1786030680
1373.1310084730,0.1799328178
1374.0954223061,0.1820292324
1375.0598361392,0.1849941611
1376.0242499723,0.1889701337
1376.9886638054,0.1941882074
1377.9530776385,0.2007789463
1378.9174914717,0.2085548788
1379.8819053048,0.2173648030
1380.8463191379,0.2269812822
1381.8107329710,0.2371778637
1382.7751468041,0.2477890849
1383.7395606373,0.2587048113
1384.7039744704,0.2700074315
1385.6683883035,0.2815135717
1386.6328021366,0.2932188809
1387.5972159697,0.3047142625
1388.5616298029,0.3159574270
1389.5260436360,0.3270847201
1390.4904574691,0.3385438323
1391.4548713022,0.3506426811
1392.4192851353,0.3632798791
1393.3836989684,0.3760620952
1394.3481128016,0.3882795870
1395.3125266347,0.3997501433
1396.2769404678,0.4103361368
1397.2413543009,0.4201536477
1398.2057681340,0.4292648435
1399.1701819672,0.4375286400
1400.1345958003,0.4445828795
1401.0990096334,0.4503452480
1402.0634234665,0.4548517466
1403.0278372996,0.4579617083
1403.9922511328,0.4595994055
1404.9566649659,0.4597120881
1405.9210787990,0.4586230218
1406.8854926321,0.4568995237
1407.8499064652,0.4553097785
1408.8143202983,0.4543510675
1409.7787341315,0.4543948770
1410.7431479646,0.4555413127
1411.7075617977,0.4578575194
1412.6719756308,0.4613798559
1413.6363894639,0.4661525190
1414.6008032971,0.4721909463
1415.5652171302,0.4795148373
1416.5296309633,0.4885943532
1417.4940447964,0.4994203746
1418.4584586295,0.5115141869
1419.4228724626,0.5247693062
1420.3872862958,0.5385228395
1421.3517001289,0.5532146692
1422.3161139620,0.5687094331
1423.2805277951,0.5854928493
1424.2449416282,0.6030592322
1425.2093554614,0.6213594079
1426.1737692945,0.6405012608
1427.1381831276,0.6608327031
1428.1025969607,0.6827295423
1429.0670107938,0.7061877251
1430.0314246270,0.7311151028
1430.9958384601,0.7571026683
1431.9602522932,0.7838364840
1432.9246661263,0.8110654354
1433.8890799594,0.8387377262
1434.8534937925,0.8661920428
1435.8179076257,0.8930134773
1436.7823214588,0.9178124070
1437.7467352919,0.9401339889
1438.7111491250,0.9599094391
1439.6755629581,0.9779868126
1440.6399767913,0.9941100478
1441.6043906244,1.0084507465
1442.5688044575,1.0206694603
1443.5332182906,1.0307935476
1444.4976321237,1.0393007994
1445.4620459569,1.0465844870
1446.4264597900,1.0528824329
1447.3908736231,1.0579967499
1448.3552874562,1.0617774725
1449.3197012893,1.0643410683
1450.2841151224,1.0659528971
1451.2485289556,1.0665866137
1452.2129427887,1.0662199259
1453.1773566218,1.0646393299
1454.1417704549,1.0621964931
1455.1061842880,1.0584914684
1456.0705981212,1.0521986485
1457.0350119543,1.0432622433
1457.9994257874,1.0309082270
1458.9638396205,1.0166463852
1459.9282534536,1.0009614229
1460.8926672868,0.9852843285
1461.8570811199,0.9698880315
1462.8214949530,0.9543696642
1463.7859087861,0.9385529757
1464.7503226192,0.9223673344
1465.7147364523,0.9052362442
1466.6791502855,0.8869739175
1467.6435641186,0.8671846986
1468.6079779517,0.8459608555
1469.5723917848,0.8230495453
1470.5368056179,0.7984929681
1471.5012194511,0.7718353271
1472.4656332842,0.7427242994
1473.4300471173,0.7118825912
1474.3944609504,0.6798462868
1475.3588747835,0.6478425860
1476.3232886167,0.6160119176
1477.2877024498,0.5849315524
1478.2521162829,0.5542963743
1479.2165301160,0.5246332288
1480.1809439491,0.4963409305
1481.1453577822,0.4695736468
1482.1097716154,0.4443924427
1483.0741854485,0.4207023084
1484.0385992816,0.3984876275
1485.0030131147,0.3777589798
1485.9674269478,0.3583979607
1486.9318407810,0.3406937122
1487.8962546141,0.3246319592
1488.8606684472,0.3102049232
1489.8250822803,0.2974456549
1490.7894961134,0.2859434187
1491.7539099465,0.2753255367
1492.7183237797,0.2658205628
1493.6827376128,0.2576712966
1494.6471514459,0.2510121763
1495.6115652790,0.2453140616
1496.5759791121,0.2397077382
1497.5403929453,0.2340334803
1498.5048067784,0.2281472087
1499.4692206115,0.2226267010
1500.4336344446,0.2172314823
1501.3980482777,0.2124576569
1502.3624621109,0.2086778730
1503.3268759440,0.2068334222
1504.2912897771,0.2070403993
1505.2557036102,0.2103359997
1506.2201174433,0.2151901424
1507.1845312764,0.2209144086
1508.1489451096,0.2275726199
1509.1133589427,0.2358916998
1510.0777727758,0.2470768243
1511.0421866089,0.2599439323
1512.0066004420,0.2737692893
1512.9710142752,0.2868112624
1513.9354281083,0.2974989116
1514.8998419414,0.3048000634
1515.8642557745,0.3082966805
1516.8286696076,0.3081438541
1517.7930834408,0.3055449128
1518.7574972739,0.3027463555
1519.7219111070,0.3012240529
1520.6863249401,0.3011804819
1521.6507387732,0.3025971949
1522.6151526063,0.3047064543
1523.5795664395,0.3079832494
1524.5439802726,0.3122710586
1525.5083941057,0.3178819716
1526.4728079388,0.3244827986
1527.4372217719,0.3314723670
1528.4016356051,0.3390397131
1529.3660494382,0.3470416665
1530.3304632713,0.3558885157
1531.2948771044,0.3656137884
1532.2592909375,0.3762991130
1533.2237047707,0.3872960806
1534.1881186038,0.3980328143
1535.1525324369,0.4085345864
1536.1169462700,0.4195613861
1537.0813601031,0.4314693213
1538.0457739362,0.4448279738
1539.0101877694,0.4581599832
1539.9746016025,0.4701128900
1540.9390154356,0.4809896052
1541.9034292687,0.4912587106
1542.8678431018,0.5009251833
1543.8322569350,0.5106357932
1544.7966707681,0.5203284621
1545.7610846012,0.5289536119
1546.7254984343,0.5368179083
1547.6899122674,0.5441879034
1548.6543261006,0.5509485006
1549.6187399337,0.5572524071
1550.5831537668,0.5630950928
1551.5475675999,0.5687996149
1552.5119814330,0.5744637847
1553.4763952661,0.5796446800
1554.4408090993,0.5842936635
1555.4052229324,0.5881500840
1556.3696367655,0.5927366614
1557.3340505986,0.5985192060
1558.2984644317,0.6046583652
1559.2628782649,0.6108604074
1560.2272920980,0.6152564883
1561.1917059311,0.6187375188
1562.1561197642,0.6207632422
1563.1205335973,0.6228215694
1564.0849474304,0.6247628331
1565.0493612636,0.6253236532
1566.0137750967,0.6245384216
1566.9781889298,0.6225480437
1567.9426027629,0.6199747920
1568.9070165960,0.6168333888
1569.8714304292,0.6131935716
1570.8358442623,0.6086363792
1571.8002580954,0.6035312414
1572.7646719285,0.5982956886
1573.7290857616,0.5937545896
1574.6934995948,0.5894740820
1575.6579134279,0.5855006576
1576.6223272610,0.5805368423
1577.5867410941,0.5747762918
1578.5511549272,0.5681488514
1579.5155687603,0.5614410639
1580.4799825935,0.5547493696
1581.4443964266,0.5472462773
1582.4088102597,0.5388413668
1583.3732240928,0.5294419527
1584.3376379259,0.5190920830
1585.3020517591,0.5077463388
1586.2664655922,0.4954400361
1587.2308794253,0.4823999107
1588.1952932584,0.4690270424
1589.1597070915,0.4557799399
1590.1241209247,0.4430656433
1591.0885347578,0.4311866164
1592.0529485909,0.4204260111
1593.0173624240,0.4109944701
1593.9817762571,0.4031251669
1594.9461900902,0.3970732093
1595.9106039234,0.3930446804
1596.8750177565,0.3912098706
1597.8394315896,0.3916944861
1598.8038454227,0.3945252001
1599.7682592558,0.3995853961
1600.7326730890,0.4066814184
1601.6970869221,0.4155833423
1602.6615007552,0.4261200130
1603.6259145883,0.4382161200
1604.5903284214,0.4519372880
1605.5547422546,0.4674267471
1606.5191560877,0.4848418832
1607.4835699208,0.5042492747
1608.4479837539,0.5256736279
1609.4123975870,0.5490649939
1610.3768114201,0.5742608905
1611.3412252533,0.6010075212
1612.3056390864,0.6291915774
1613.2700529195,0.6592778563
1614.2344667526,0.6920998096
1615.1988805857,0.7279815078
1616.1632944189,0.7677990198
1617.1277082520,0.8107882142
1618.0921220851,0.8572419286
1619.0565359182,0.9072959423
1620.0209497513,0.9619911313
1620.9853635845,1.0215018988
1621.9497774176,1.0848103762
1622.9141912507,1.1503589153
1623.8786050838,1.2166041136
1624.8430189169,1.2820869684
1625.8074327500,1.3460990191
1626.7718465832,1.4080940485
1627.7362604163,1.4680289030
1628.7006742494,1.5259783268
1629.6650880825,1.5820742846
1630.6295019156,1.6367175579
1631.5939157488,1.6903301477
1632.5583295819,1.7433145046
1633.5227434150,1.7951703072
1634.4871572481,1.8454281092
1635.4515710812,1.8914678097
1636.4159849143,1.9309383631
1637.3803987475,1.9619356394
1638.3448125806,1.9836776257
1639.3092264137,1.9964097738
1640.2736402468,2.0000000000
1641.2380540799,1.9958930016
1642.2024679131,1.9857088327
1643.1668817462,1.9716144800
1644.1312955793,1.9552636147
1645.0957094124,1.9371757507
1646.0601232455,1.9180326462
1647.0245370787,1.8970277309
1647.9889509118,1.8738998175
1648.9533647449,1.8490275145
1649.9177785780,1.8232440948
1650.8821924111,1.7975875139
1651.8466062442,1.7712332010
1652.8110200774,1.7419165373
1653.7754339105,1.7089908123
1654.7398477436,1.6714692116
1655.7042615767,1.6313635111
1656.6686754098,1.5879906416
1657.6330892430,1.5426776409
1658.5975030761,1.4951328039
1659.5619169092,1.4451113939
1660.5263307423,1.3933099508
1661.4907445754,1.3405332565
1662.4551584086,1.2870728970
1663.4195722417,1.2333266735
1664.3839860748,1.1798630953
1665.3483999079,1.1274369955
1666.3128137410,1.0766941309
1667.2772275741,1.0279251337
1668.2416414073,0.9809081554
1669.2060552404,0.9350095391
1670.1704690735,0.8901430964
1671.1348829066,0.8461561799
1672.0992967397,0.8036509156
1673.0637105729,0.7628680468
1674.0281244060,0.7237561345
1674.9925382391,0.6859407425
1675.9569520722,0.6487799883
1676.9213659053,0.6124585867
1677.8857797385,0.5769447684
1678.8501935716,0.5424990654
1679.8146074047,0.5087780356
1680.7790212378,0.4756802022
1681.7434350709,0.4435479939
1682.7078489040,0.4120493531
1683.6722627372,0.3816819489
1684.6366765703,0.3506860733
1685.6010904034,0.3189526498
1686.5655042365,0.2868337631
1687.5299180696,0.2562178671
1688.4943319028,0.2268846780
1689.4587457359,0.1995730996
1690.4231595690,0.1737294197
1691.3875734021,0.1490546465
1692.3519872352,0.1261981577
1693.3164010684,0.1055177078
1694.2808149015,0.0875954479
1695.2452287346,0.0708893612
1696.2096425677,0.0541144274
1697.1740564008,0.0378642902
1698.1384702339,0.0230678227
1699.1028840671,0.0105394023
1700.0672979002,0.0000000000
1701.0317117333,-0.0095648579
1701.9961255664,-0.0187228713
1702.9605393995,-0.0265490599
1703.9249532327,-0.0320835672
1704.8893670658,-0.0363454483
1705.8537808989,-0.0398507826
1706.8181947320,-0.0431837849
1707.7826085651,-0.0464233942
1708.7470223982,-0.0492811725
1709.7114362314,-0.0517428927
1710.6758500645,-0.0540880412
1711.6402638976,-0.0563349761
1712.6046777307,-0.0587058254
1713.5690915638,-0.0609823652
1714.5335053970,-0.0632926375
1715.4979192301,-0.0647486001
1716.4623330632,-0.0657330155
1717.4267468963,-0.0667479411
1718.3911607294,-0.0679902732
1719.3555745626,-0.0696311891
1720.3199883957,-0.0707140416
1721.2844022288,-0.0717119947
1722.2488160619,-0.0721197575
1723.2132298950,-0.0724428445
1724.1776437281,-0.0731507540
1725.1420575613,-0.0741278231
1726.1064713944,-0.0751487166
1727.0708852275,-0.0760365203
1728.0352990606,-0.0768699497
1728.9997128937,-0.0777045190
1729.9641267269,-0.0785631835
1730.9285405600,-0.0792977065
1731.8929543931,-0.0789548829
1732.8573682262,-0.0780539960
1733.8217820593,-0.0775946006
1734.7861958925,-0.0779245719
1735.7506097256,-0.0793119296
1736.7150235587,-0.0804025829
1737.6794373918,-0.0812291279
1738.6438512249,-0.0812536776
1739.6082650580,-0.0811687782
1740.5726788912,-0.0812878683
1741.5370927243,-0.0815056339
1742.5015065574,-0.0817132965
1743.4659203905,-0.0817949921
1744.4303342236,-0.0818484575
1745.3947480568,-0.0820334032
1746.3591618899,-0.0822865069
1747.3235757230,-0.0825237781
1748.2879895561,-0.0824296921
1749.2524033892,-0.0821036249
1750.2168172224,-0.0818968713
1751.1812310555,-0.0819189027
1752.1456448886,-0.0823739320
1753.1100587217,-0.0831660554
1754.0744725548,-0.0835444406
1755.0388863879,-0.0831667408
1756.0033002211,-0.0825650766
1756.9677140542,-0.0822610334
1757.9321278873,-0.0825471804
1758.8965417204,-0.0830900967
1759.8609555535,-0.0833847374
1760.8253693867,-0.0833287463
1761.7897832198,-0.0830543041
1762.7541970529,-0.0829905123
1763.7186108860,-0.0830749571
1764.6830247191,-0.0831772983
1765.6474385523,-0.0828831196
1766.6118523854,-0.0822470412
1767.5762662185,-0.0817025155
1768.5406800516,-0.0816850737
1769.5050938847,-0.0817934945
1770.4695077178,-0.0817697495
1771.4339215510,-0.0815650597
1772.3983353841,-0.0812066346
1773.3627492172,-0.0812890157
1774.3271630503,-0.0815850273
1775.2915768834,-0.0821622536
1776.2559907166,-0.0824163854
1777.2204045497,-0.0822600052
1778.1848183828,-0.0820603669
1779.1492322159,-0.0818372145
1780.1136460490,-0.0816814005
1781.0780598821,-0.0816630423
1782.0424737153,-0.0817392319
1783.0068875484,-0.0817313120
1783.9713013815,-0.0815974176
1784.9357152146,-0.0814787820
1785.9001290477,-0.0815377533
1786.8645428809,-0.0818138048
1787.8289567140,-0.0821513534
1788.7933705471,-0.0824100748
1789.7577843802,-0.0823843777
1790.7221982133,-0.0822526589
1791.6866120465,-0.0818409994
1792.6510258796,-0.0815728679
1793.6154397127,-0.0814451650
1794.5798535458,-0.0814668536
1795.5442673789,-0.0813149437
1796.5086812120,-0.0812123716
1797.4730950452,-0.0809214115
1798.4375088783,-0.0805011392
1799.4019227114,-0.0798569173
1800.3663365445,-0.0791851506
1801.3307503776,-0.0786928311
1802.2951642108,-0.0785544589
1803.2595780439,-0.0787438825
1804.2239918770,-0.0789873526
1805.1884057101,-0.0792528465
1806.1528195432,-0.0793815702
1807.1172333764,-0.0794118643
1808.0816472095,-0.0793674588
1809.0460610426,-0.0793248937
1810.0104748757,-0.0792830214
1810.9748887088,-0.0793302879
1811.9393025419,-0.0794089958
1812.9037163751,-0.0794387087
1813.8681302082,-0.0792663842
1814.8325440413,-0.0788443908
1815.7969578744,-0.0783318803
1816.7613717075,-0.0779649615
1817.7257855407,-0.0779415593
1818.6901993738,-0.0782451406
1819.6546132069,-0.0787156597
1820.6190270400,-0.0791455656
1821.5834408731,-0.0793248937
1822.5478547063,-0.0792651176
1823.5122685394,-0.0790160298
1824.4766823725,-0.0788831711
1825.4410962056,-0.0790505707
1826.4055100387,-0.0793116987
1827.3699238718,-0.0793552995
1828.3343377050,-0.0789724365
1829.2987515381,-0.0782342404
1830.2631653712,-0.0775815248
1831.2275792043,-0.0772403032
1832.1919930374,-0.0772286057
1833.1564068706,-0.0772156417
1834.1208207037,-0.0772237852
1835.0852345368,-0.0771264881
1836.0496483699,-0.0770010874
1837.0140622030,-0.0768982843
1837.9784760362,-0.0768676549
1838.9428898693,-0.0769880041
1839.9073037024,-0.0772547647
1840.8717175355,-0.0774866417
1841.8361313686,-0.0775827840
1842.8005452017,-0.0772565976
1843.7649590349,-0.0769517496
1844.7293728680,-0.0769316703
1845.6937867011,-0.0771379620
1846.6582005342,-0.0772350281
1847.6226143673,-0.0772879198
1848.5870282005,-0.0770729110
1849.5514420336,-0.0767276809
1850.5158558667,-0.0764354542
1851.4802696998,-0.0761244074
1852.4446835329,-0.0758153200
1853.4090973661,-0.0756021440
1854.3735111992,-0.0755528063
1855.3379250323,-0.0756849796
1856.3023388654,-0.0759307370
1857.2667526985,-0.0762195215
1858.2311665316,-0.0764908642
1859.1955803648,-0.0766667575
1860.1599941979,-0.0766921118
1861.1244080310,-0.0765071586
1862.0888218641,-0.0761116743
1863.0532356972,-0.0756036341
1864.0176495304,-0.0751181990
1864.9820633635,-0.0747902915
1865.9464771966,-0.0746358559
1866.9108910297,-0.0744065046
1867.8753048628,-0.0741392970
1868.8397186959,-0.0739465430
1869.8041325291,-0.0738781616
1870.7685463622,-0.0739564076
1871.7329601953,-0.0741859898
1872.6973740284,-0.0742770880
1873.6617878615,-0.0741155446
1874.6262016947,-0.0738455728
1875.5906155278,-0.0735205337
1876.5550293609,-0.0732270479
1877.5194431940,-0.0730071068
1878.4838570271,-0.0728441849
1879.4482708603,-0.0727001950
1880.4126846934,-0.0725529939
1881.3770985265,-0.0724275857
1882.3415123596,-0.0723901838
1883.3059261927,-0.0724734813
1884.2703400258,-0.0726685300
1885.2347538590,-0.0728242174
1886.1991676921,-0.0727879629
1887.1635815252,-0.0724942461
1888.1279953583,-0.0719743893
1889.0924091914,-0.0714990497
1890.0568230246,-0.0712935627
1891.0212368577,-0.0714061186
1891.9856506908,-0.0717185363
1892.9500645239,-0.0719855204
1893.9144783570,-0.0721358210
1894.8788921902,-0.0720763877
1895.8433060233,-0.0718549564
1896.8077198564,-0.0715405867
1897.7721336895,-0.0711940899
1898.7365475226,-0.0709241182
1899.7009613557,-0.0707695782
1900.6653751889,-0.0707167983
1901.6297890220,-0.0707295313
1902.5942028551,-0.0707799047
1903.5586166882,-0.0708719194
1904.5230305213,-0.0710172877
1905.4874443545,-0.0712047592
1906.4518581876,-0.0713953301
1907.4162720207,-0.0715759248
1908.3806858538,-0.0717921928
1909.3450996869,-0.0721038133
1910.3095135201,-0.0724753141
1911.2739273532,-0.0728000104
1912.2383411863,-0.0729830116
1913.2027550194,-0.0729719996
1914.1671688525,-0.0727785528
1915.1315826856,-0.0723821521
1916.0959965188,-0.0717907026
1917.0604103519,-0.0711788312
1918.0248241850,-0.0706572533
1918.9892380181,-0.0705006421
1919.9536518512,-0.0706455484
1920.9180656844,-0.0709864199
1921.8824795175,-0.0712996423
1922.8468933506,-0.0714865476
1923.8113071837,-0.0715806261
1924.7757210168,-0.0715906098
1925.7401348500,-0.0715597421
1926.7045486831,-0.0715015754
1927.6689625162,-0.0714287162
1928.6333763493,-0.0713855773
1929.5977901824,-0.0713568926
1930.5622040155,-0.0713408366
1931.5266178487,-0.0713326856
1932.4910316818,-0.0713357851
1933.4554455149,-0.0713348687
1934.4198593480,-0.0713057220
1935.3842731811,-0.0712637305
1936.3486870143,-0.0711937472
1937.3131008474,-0.0711091831
1938.2775146805,-0.0709735751
1939.2419285136,-0.0706960335
1940.2063423467,-0.0702475384
1941.1707561798,-0.0697272271
1942.1351700130,-0.0692108124
1943.0995838461,-0.0689149126
1944.0639976792,-0.0688832477
1945.0284115123,-0.0691212043
1945.9928253454,-0.0694852546
1946.9572391786,-0.0698397756
1947.9216530117,-0.0701120421
1948.8860668448,-0.0701934993
1949.8504806779,-0.0700604096
1950.8148945110,-0.0697411075
1951.7793083442,-0.0692589954
1952.7437221773,-0.0687042624
1953.7081360104,-0.0682018474
1954.6725498435,-0.0679080114
1955.6369636766,-0.0679335967
1956.6013775097,-0.0682792887
1957.5657913429,-0.0687953606
1958.5302051760,-0.0692781582
1959.4946190091,-0.0695766956
1960.4590328422,-0.0696605667
1961.4234466753,-0.0696318820
1962.3878605085,-0.0696275234
1963.3522743416,-0.0697098970
1964.3166881747,-0.0698468909
1965.2811020078,-0.0699655265
1966.2455158409,-0.0699478537
1967.2099296741,-0.0698171780
1968.1743435072,-0.0696526468
1969.1387573403,-0.0695444569
1970.1031711734,-0.0695083141
1971.0675850065,-0.0694833025
1972.0319988396,-0.0693709776
1972.9964126728,-0.0690862089
1973.9608265059,-0.0686803982
1974.9252403390,-0.0682992563
1975.8896541721,-0.0681120083
1976.8540680052,-0.0682291538
1977.8184818384,-0.0685878098
1978.7828956715,-0.0690322816
1979.7473095046,-0.0693951845
1980.7117233377,-0.0695854127
1981.6761371708,-0.0696165040
1982.6405510040,-0.0695903450
1983.6049648371,-0.0696012452
1984.5693786702,-0.0696988851
1985.5337925033,-0.0698679984
1986.4982063364,-0.0700662583
1987.4626201695,-0.0702264309
1988.4270340027,-0.0702679604
1989.3914478358,-0.0701675713
1990.3558616689,-0.0699464828
1991.3202755020,-0.0697307810
1992.2846893351,-0.0696346313
1993.2491031683,-0.0696539059
1994.2135170014,-0.0696940646
1995.1779308345,-0.0696532205
1996.1423446676,-0.0695850700
1997.1067585007,-0.0695540905
1998.0711723339,-0.0696129501
1999.0355861670,-0.0697163269
2000.0000000001,-0.0697671473
