999.9028550560,0.2717286944
1000.8670815315,0.2710723281
1001.8313080070,0.2704196274
1002.7955344824,0.2697753608
1003.7597609579,0.2691433132
1004.7239874333,0.2685250938
1005.6882139088,0.2679211497
1006.6524403843,0.2673323154
1007.6166668597,0.2667610645
1008.5808933352,0.2662109137
1009.5451198107,0.2656861842
1010.5093462861,0.2651911378
1011.4735727616,0.2647291422
1012.4377992371,0.2643020153
1013.4020257125,0.2639085650
1014.3662521880,0.2635453641
1015.3304786635,0.2632078230
1016.2947051389,0.2628922164
1017.2589316144,0.2625972331
1018.2231580898,0.2623240054
1019.1873845653,0.2620745003
1020.1516110408,0.2618502975
1021.1158375162,0.2616521418
1022.0800639917,0.2614800930
1023.0442904672,0.2613352537
1024.0085169426,0.2612197399
1024.9727434181,0.2611366510
1025.9369698936,0.2610877454
1026.9011963690,0.2610717714
1027.8654228445,0.2610835731
1028.8296493199,0.2611144185
1029.7938757954,0.2611540258
1030.7581022709,0.2611932755
1031.7223287463,0.2612258792
1032.6865552218,0.2612493038
1033.6507816973,0.2612655759
1034.6150081727,0.2612800598
1035.5792346482,0.2613004744
1036.5434611237,0.2613346279
1037.5076875991,0.2613880932
1038.4719140746,0.2614617944
1039.4361405500,0.2615499198
1040.4003670255,0.2616375685
1041.3645935010,0.2617001235
1042.3288199764,0.2617043853
1043.2930464519,0.2616128922
1044.2572729274,0.2613886595
1045.2214994028,0.2609998286
1046.1857258783,0.2604218423
1047.1499523538,0.2596398890
1048.1141788292,0.2586532533
1049.0784053047,0.2574808598
1050.0426317802,0.2561644912
1051.0068582556,0.2547645271
1051.9710847311,0.2533481419
1052.9353112065,0.2519741058
1053.8995376820,0.2506817281
1054.8637641575,0.2494879961
1055.8279906329,0.2483919263
1056.7922171084,0.2473821193
1057.7564435839,0.2464427054
1058.7206700593,0.2455572784
1059.6848965348,0.2447101176
1060.6491230103,0.2438879758
1061.6133494857,0.2430820614
1062.5775759612,0.2422894090
1063.5418024366,0.2415121794
1064.5060289121,0.2407551408
1065.4702553876,0.2400223166
1066.4344818630,0.2393149734
1067.3987083385,0.2386310846
1068.3629348140,0.2379670590
1069.3271612894,0.2373193800
1070.2913877649,0.2366860658
1071.2556142404,0.2360667288
1072.2198407158,0.2354623973
1073.1840671913,0.2348739654
1074.1482936667,0.2343013436
1075.1125201422,0.2337427735
1076.0767466177,0.2331956774
1077.0409730931,0.2326577604
1078.0051995686,0.2321282476
1078.9694260441,0.2316072434
1079.9336525195,0.2310948223
1080.8978789950,0.2305899709
1081.8621054705,0.2300906628
1082.8263319459,0.2295948863
1083.7905584214,0.2291009724
1084.7547848969,0.2286076844
1085.7190113723,0.2281138003
1086.6832378478,0.2276190817
1087.6474643232,0.2271255851
1088.6116907987,0.2266385406
1089.5759172742,0.2261648923
1090.5401437496,0.2257089615
1091.5043702251,0.2252691090
1092.4685967006,0.2248382121
1093.4328231760,0.2244095355
1094.3970496515,0.2239826620
1095.3612761270,0.2235648185
1096.3255026024,0.2231668979
1097.2897290779,0.2227955014
1098.2539555533,0.2224487066
1099.2181820288,0.2221177667
1100.1824085043,0.2217934281
1101.1466349797,0.2214716524
1102.1108614552,0.2211564034
1103.0750879307,0.2208570987
1104.0393144061,0.2205836326
1105.0035408816,0.2203415036
1105.9677673571,0.2201295197
1106.9319938325,0.2199411988
1107.8962203080,0.2197677493
1108.8604467834,0.2196010202
1109.8246732589,0.2194351107
1110.7888997344,0.2192664444
1111.7531262098,0.2190928757
1112.7173526853,0.2189134955
1113.6815791608,0.2187281102
1114.6458056362,0.2185370326
1115.6100321117,0.2183417976
1116.5742585872,0.2181462198
1117.5384850626,0.2179567069
1118.5027115381,0.2177801132
1119.4669380136,0.2176202834
1120.4311644890,0.2174766213
1121.3953909645,0.2173455209
1122.3596174399,0.2172256410
1123.3238439154,0.2171214968
1124.2880703909,0.2170431912
1125.2522968663,0.2170017213
1126.2165233418,0.2170038968
1127.1807498173,0.2170512229
1128.1449762927,0.2171420753
1129.1092027682,0.2172752470
1130.0734292437,0.2174513042
1131.0376557191,0.2176713049
1132.0018821946,0.2179346830
1132.9661086700,0.2182384878
1133.9303351455,0.2185784280
1134.8945616210,0.2189503908
1135.8587880964,0.2193512917
1136.8230145719,0.2197792083
1137.7872410474,0.2202337384
1138.7514675228,0.2207156271
1139.7156939983,0.2212250233
1140.6799204738,0.2217587084
1141.6441469492,0.2223073244
1142.6083734247,0.2228542268
1143.5725999001,0.2233767956
1144.5368263756,0.2238484025
1145.5010528511,0.2242421359
1146.4652793265,0.2245349288
1147.4295058020,0.2247135937
1148.3937322775,0.2247800976
1149.3579587529,0.2247527242
1150.3221852284,0.2246623933
1151.2864117039,0.2245463431
1152.2506381793,0.2244412601
1153.2148646548,0.2243770212
1154.1790911303,0.2243722528
1155.1433176057,0.2244315296
1156.1075440812,0.2245465964
1157.0717705566,0.2247020900
1158.0359970321,0.2248823941
1159.0002235076,0.2250768095
1159.9644499830,0.2252802402
1160.9286764585,0.2254909724
1161.8929029340,0.2257081717
1162.8571294094,0.2259306163
1163.8213558849,0.2261567861
1164.7855823604,0.2263849974
1165.7498088358,0.2266140282
1166.7140353113,0.2268427461
1167.6782617867,0.2270701677
1168.6424882622,0.2272948474
1169.6067147377,0.2275144756
1170.5709412131,0.2277266532
1171.5351676886,0.2279279083
1172.4993941641,0.2281123996
1173.4636206395,0.2282699645
1174.4278471150,0.2283867896
1175.3920735905,0.2284493893
1176.3563000659,0.2284499109
1177.3205265414,0.2283897251
1178.2847530168,0.2282785326
1179.2489794923,0.2281305641
1180.2132059678,0.2279612869
1181.1774324432,0.2277862132
1182.1416589187,0.2276216596
1183.1058853942,0.2274849713
1184.0701118696,0.2273930609
1185.0343383451,0.2273599952
1185.9985648206,0.2273934186
1186.9627912960,0.2274931520
1187.9270177715,0.2276510894
1188.8912442469,0.2278544456
1189.8554707224,0.2280896008
1190.8196971979,0.2283451855
1191.7839236733,0.2286134660
1192.7481501488,0.2288893163
1193.7123766243,0.2291695029
1194.6766030997,0.2294514626
1195.6408295752,0.2297324538
1196.6050560507,0.2300076634
1197.5692825261,0.2302692235
1198.5335090016,0.2305058539
1199.4977354771,0.2307049185
1200.4619619525,0.2308579981
1201.4261884280,0.2309686244
1202.3904149034,0.2310437411
1203.3546413789,0.2310907692
1204.3188678544,0.2311177850
1205.2830943298,0.2311330736
1206.2473208053,0.2311448455
1207.2115472808,0.2311606258
1208.1757737562,0.2311865836
1209.1400002317,0.2312274575
1210.1042267072,0.2312860936
1211.0684531826,0.2313636541
1212.0326796581,0.2314595282
1212.9969061335,0.2315717191
1213.9611326090,0.2316971719
1214.9253590845,0.2318318337
1215.8895855599,0.2319710553
1216.8538120354,0.2321095616
1217.8180385109,0.2322414964
1218.7822649863,0.2323607653
1219.7464914618,0.2324617803
1220.7107179373,0.2325398624
1221.6749444127,0.2325919569
1222.6391708882,0.2326170355
1223.6033973636,0.2326157987
1224.5676238391,0.2325907201
1225.5318503146,0.2325453460
1226.4960767900,0.2324841470
1227.4603032655,0.2324120402
1228.4245297410,0.2323341221
1229.3887562164,0.2322554141
1230.3529826919,0.2321805656
1231.3172091674,0.2321134508
1232.2814356428,0.2320572287
1233.2456621183,0.2320138961
1234.2098885938,0.2319843918
1235.1741150692,0.2319683135
1236.1383415447,0.2319645137
1237.1025680201,0.2319709212
1238.0667944956,0.2319854051
1239.0310209711,0.2320054621
1239.9952474465,0.2320288271
1240.9594739220,0.2320534289
1241.9237003975,0.2320777178
1242.8879268729,0.2321005911
1243.8521533484,0.2321217954
1244.8163798239,0.2321417630
1245.7806062993,0.2321617454
1246.7448327748,0.2321834713
1247.7090592502,0.2322093248
1248.6732857257,0.2322414964
1249.6375122012,0.2322822809
1250.6017386766,0.2323334515
1251.5659651521,0.2323960960
1252.5301916276,0.2324705720
1253.4944181030,0.2325564027
1254.4586445785,0.2326520234
1255.4228710540,0.2327548265
1256.3870975294,0.2328610569
1257.3513240049,0.2329664230
1258.3155504803,0.2330660224
1259.2797769558,0.2331550717
1260.2440034313,0.2332288027
1261.2082299067,0.2332832366
1262.1724563822,0.2333151251
1263.1366828577,0.2333225310
1264.1009093331,0.2333048135
1265.0651358086,0.2332629114
1266.0293622841,0.2331992686
1266.9935887595,0.2331175208
1267.9578152350,0.2330222875
1268.9220417105,0.2329185903
1269.8862681859,0.2328114510
1270.8504946614,0.2327057123
1271.8147211368,0.2326053083
1272.7789476123,0.2325132042
1273.7431740878,0.2324310094
1274.7074005632,0.2323589176
1275.6716270387,0.2322959304
1276.6358535142,0.2322399020
1277.6000799896,0.2321881205
1278.5643064651,0.2321378440
1279.5285329406,0.2320865095
1280.4927594160,0.2320323586
1281.4569858915,0.2319741845
1282.4212123669,0.2319116592
1283.3854388424,0.2318452597
1284.3496653179,0.2317759544
1285.3138917933,0.2317052484
1286.2781182688,0.2316346318
1287.2423447443,0.2315656245
1288.2065712197,0.2314993292
1289.1707976952,0.2314366400
1290.1350241707,0.2313783020
1291.0992506461,0.2313248515
1292.0634771216,0.2312766165
1293.0277035970,0.2312336713
1293.9919300725,0.2311960608
1294.9561565480,0.2311634868
1295.9203830234,0.2311357260
1296.8846094989,0.2311124951
1297.8488359744,0.2310936302
1298.8130624498,0.2310789973
1299.7772889253,0.2310687751
1300.7415154008,0.2310633957
1301.7057418762,0.2310636193
1302.6699683517,0.2310703248
1303.6341948272,0.2310843766
1304.5984213026,0.2311063707
1305.5626477781,0.2311365604
1306.5268742535,0.2311746478
1307.4911007290,0.2312199175
1308.4553272045,0.2312714905
1309.4195536799,0.2313282937
1310.3837801554,0.2313891947
1311.3480066309,0.2314532250
1312.3122331063,0.2315192223
1313.2764595818,0.2315861434
1314.2406860573,0.2316531688
1315.2049125327,0.2317195386
1316.1691390082,0.2317844778
1317.1333654836,0.2318469435
1318.0975919591,0.2319054008
1319.0618184346,0.2319578528
1320.0260449100,0.2320020944
1320.9902713855,0.2320359796
1321.9544978610,0.2320581079
1322.9187243364,0.2320678681
1323.8829508119,0.2320660055
1324.8471772874,0.2320541739
1325.8114037628,0.2320350558
1326.7756302383,0.2320115566
1327.7398567137,0.2319867313
1328.7040831892,0.2319632769
1329.6683096647,0.2319433689
1330.6325361401,0.2319284827
1331.5967626156,0.2319194824
1332.5609890911,0.2319166958
1333.5252155665,0.2319198698
1334.4894420420,0.2319282591
1335.4536685175,0.2319404483
1336.4178949929,0.2319547236
1337.3821214684,0.2319689393
1338.3463479439,0.2319811285
1339.3105744193,0.2319896519
1340.2748008948,0.2319934070
1341.2390273702,0.2319923490
1342.2032538457,0.2319869995
1343.1674803212,0.2319782078
1344.1317067966,0.2319666892
1345.0959332721,0.2319529951
1346.0601597476,0.2319372743
1347.0243862230,0.2319197953
1347.9886126985,0.2319007516
1348.9528391740,0.2318806201
1349.9170656494,0.2318599224
1350.8812921249,0.2318390310
1351.8455186003,0.2318182886
1352.8097450758,0.2317978889
1353.7739715513,0.2317778915
1354.7381980267,0.2317584306
1355.7024245022,0.2317395359
1356.6666509777,0.2317213565
1357.6308774531,0.2317039669
1358.5951039286,0.2316876352
1359.5593304041,0.2316726744
1360.5235568795,0.2316593528
1361.4877833550,0.2316479236
1362.4520098304,0.2316386551
1363.4162363059,0.2316314578
1364.3804627814,0.2316259444
1365.3446892568,0.2316210419
1366.3089157323,0.2316148281
1367.2731422078,0.2316045910
1368.2373686832,0.2315877378
1369.2015951587,0.2315620184
1370.1658216342,0.2315266281
1371.1300481096,0.2314826548
1372.0942745851,0.2314329445
1373.0585010605,0.2313820869
1374.0227275360,0.2313358337
1374.9869540115,0.2313005030
1375.9511804869,0.2312822938
1376.9154069624,0.2312860936
1377.8796334379,0.2313149273
1378.8438599133,0.2313699126
1379.8080863888,0.2314504534
1380.7723128643,0.2315547764
1381.7365393397,0.2316807508
1382.7007658152,0.2318256646
1383.6649922907,0.2319864184
1384.6292187661,0.2321590930
1385.5934452416,0.2323388904
1386.5576717170,0.2325204909
1387.5218981925,0.2326988131
1388.4861246680,0.2328701317
1389.4503511434,0.2330325097
1390.4145776189,0.2331857085
1391.3788040944,0.2333302796
1392.3430305698,0.2334664315
1393.3072570453,0.2335937172
1394.2714835208,0.2337108850
1395.2357099962,0.2338165194
1396.1999364717,0.2339095622
1397.1641629471,0.2339893281
1398.1283894226,0.2340552658
1399.0926158981,0.2341071367
1400.0568423735,0.2341451347
1401.0210688490,0.2341700792
1401.9852953245,0.2341832072
1402.9495217999,0.2341859639
1403.9137482754,0.2341794372
1404.8779747509,0.2341645658
1405.8422012263,0.2341423333
1406.8064277018,0.2341141999
1407.7706541772,0.2340821177
1408.7348806527,0.2340483814
1409.6991071282,0.2340155095
1410.6633336036,0.2339863181
1411.6275600791,0.2339635044
1412.5917865546,0.2339497656
1413.5560130300,0.2339470983
1414.5202395055,0.2339564562
1415.4844659810,0.2339774370
1416.4486924564,0.2340076119
1417.4129189319,0.2340426594
1418.3771454074,0.2340767831
1419.3413718828,0.2341043949
1420.3055983583,0.2341215163
1421.2698248337,0.2341268510
1422.2340513092,0.2341212928
1423.1982777847,0.2341071814
1424.1625042601,0.2340873927
1425.1267307356,0.2340648919
1426.0909572111,0.2340430170
1427.0551836865,0.2340251356
1428.0194101620,0.2340143919
1428.9836366375,0.2340134680
1429.9478631129,0.2340246886
1430.9120895884,0.2340499461
1431.8763160638,0.2340905368
1432.8405425393,0.2341472208
1433.8047690148,0.2342190742
1434.7689954902,0.2343034744
1435.7332219657,0.2343962789
1436.6974484412,0.2344930023
1437.6616749166,0.2345908284
1438.6259013921,0.2346892804
1439.5901278676,0.2347900867
1440.5543543430,0.2348958403
1441.5185808185,0.2350087762
1442.4828072939,0.2351304293
1443.4470337694,0.2352613956
1444.4112602449,0.2354021221
1445.3754867203,0.2355525047
1446.3397131958,0.2357123345
1447.3039396713,0.2358813286
1448.2681661467,0.2360595167
1449.2323926222,0.2362473160
1450.1966190977,0.2364456803
1451.1608455731,0.2366553545
1452.1250720486,0.2368766367
1453.0892985241,0.2371085435
1454.0535249995,0.2373483926
1455.0177514750,0.2375914752
1455.9819779504,0.2378319502
1456.9462044259,0.2380650342
1457.9104309014,0.2382891476
1458.8746573768,0.2385071069
1459.8388838523,0.2387248576
1460.8031103278,0.2389492244
1461.7673368032,0.2391851544
1462.7315632787,0.2394342422
1463.6957897542,0.2396947145
1464.6600162296,0.2399622202
1465.6242427051,0.2402315140
1466.5884691805,0.2404977828
1467.5526956560,0.2407571226
1468.5169221315,0.2410068959
1469.4811486069,0.2412449867
1470.4453750824,0.2414692640
1471.4096015579,0.2416778803
1472.3738280333,0.2418701649
1473.3380545088,0.2420474440
1474.3022809843,0.2422137558
1475.2665074597,0.2423753440
1476.2307339352,0.2425391972
1477.1949604106,0.2427123040
1478.1591868861,0.2429004312
1479.1234133616,0.2431079298
1480.0876398370,0.2433375716
1481.0518663125,0.2435907274
1482.0160927880,0.2438679487
1482.9803192634,0.2441690713
1483.9445457389,0.2444936633
1484.9087722144,0.2448409200
1485.8729986898,0.2452093065
1486.8372251653,0.2455966920
1487.8014516408,0.2460003346
1488.7656781162,0.2464176416
1489.7299045917,0.2468465120
1490.6941310671,0.2472858578
1491.6583575426,0.2477360964
1492.6225840181,0.2481983900
1493.5868104935,0.2486740798
1494.5510369690,0.2491635084
1495.5152634445,0.2496658415
1496.4794899199,0.2501799166
1497.4437163954,0.2507058382
1498.4079428709,0.2512453794
1499.3721693463,0.2518022060
1500.3363958218,0.2523807287
1501.3006222972,0.2529852986
1502.2648487727,0.2536192238
1503.2290752482,0.2542832792
1504.1933017236,0.2549753487
1505.1575281991,0.2556898892
1506.1217546746,0.2564200759
1507.0859811500,0.2571603954
1508.0502076255,0.2579091191
1509.0144341010,0.2586686611
1509.9786605764,0.2594432831
1510.9428870519,0.2602368593
1511.9071135273,0.2610512376
1512.8713400028,0.2618862391
1513.8355664783,0.2627402246
1514.7997929537,0.2636106014
1515.7640194292,0.2644946873
1516.7282459047,0.2653901875
1517.6924723801,0.2662957907
1518.6566988556,0.2672109604
1519.6209253311,0.2681358159
1520.5851518065,0.2690703869
1521.5493782820,0.2700155079
1522.5136047575,0.2709731162
1523.4778312329,0.2719470263
1524.4420577084,0.2729414105
1525.4062841838,0.2739598751
1526.3705106593,0.2750050724
1527.3347371348,0.2760785818
1528.2989636102,0.2771821320
1529.2631900857,0.2783170938
1530.2274165612,0.2794847786
1531.1916430366,0.2806856632
1532.1558695121,0.2819190323
1533.1200959876,0.2831836045
1534.0843224630,0.2844780087
1535.0485489385,0.2858015895
1536.0127754139,0.2871534228
1536.9770018894,0.2885313034
1537.9412283649,0.2899299562
1538.9054548403,0.2913415432
1539.8696813158,0.2927581966
1540.8339077913,0.2941745818
1541.7981342667,0.2955892980
1542.7623607422,0.2970040441
1543.7265872177,0.2984225750
1544.6908136931,0.2998488843
1545.6550401686,0.3012866378
1546.6192666440,0.3027389348
1547.5834931195,0.3042084277
1548.5477195950,0.3056970239
1549.5119460704,0.3072061539
1550.4761725459,0.3087370992
1551.4403990214,0.3102915287
1552.4046254968,0.3118713498
1553.3688519723,0.3134788871
1554.3330784478,0.3151166737
1555.2973049232,0.3167872727
1556.2615313987,0.3184923232
1557.2257578741,0.3202313781
1558.1899843496,0.3220022619
1559.1542108251,0.3238031268
1560.1184373005,0.3256352842
1561.0826637760,0.3275051713
1562.0468902515,0.3294232786
1563.0111167269,0.3314015865
1563.9753432024,0.3334504366
1564.9395696779,0.3355770409
1565.9037961533,0.3377858400
1566.8680226288,0.3400794864
1567.8322491043,0.3424592316
1568.7964755797,0.3449257016
1569.7607020552,0.3474797904
1570.7249285306,0.3501235247
1571.6891550061,0.3528604805
1572.6533814816,0.3556948602
1573.6176079570,0.3586300313
1574.5818344325,0.3616672754
1575.5460609080,0.3648062348
1576.5102873834,0.3680469692
1577.4745138589,0.3713920712
1578.4387403344,0.3748473227
1579.4029668098,0.3784206212
1580.3671932853,0.3821198642
1581.3314197607,0.3859514892
1582.2956462362,0.3899206519
1583.2598727117,0.3940314949
1584.2240991871,0.3982878923
1585.1883256626,0.4026936293
1586.1525521381,0.4072524309
1587.1167786135,0.4119681716
1588.0810050890,0.4168443680
1589.0452315645,0.4218846560
1590.0094580399,0.4270924032
1590.9736845154,0.4324706793
1591.9379109908,0.4380226135
1592.9021374663,0.4437508881
1593.8663639418,0.4496577084
1594.8305904172,0.4557448924
1595.7948168927,0.4620134234
1596.7590433682,0.4684638977
1597.7232698436,0.4750962555
1598.6874963191,0.4819098115
1599.6517227946,0.4889033139
1600.6159492700,0.4960750639
1601.5801757455,0.5034227371
1602.5444022210,0.5109435320
1603.5086286964,0.5186339021
1604.4728551719,0.5264888406
1605.4370816473,0.5345020294
1606.4013081228,0.5426648259
1607.3655345983,0.5509656072
1608.3297610737,0.5593905449
1609.2939875492,0.5679227114
1610.2582140247,0.5765426159
1611.2224405001,0.5852284431
1612.1866669756,0.5939558744
1613.1508934511,0.6026982069
1614.1151199265,0.6114254594
1615.0793464020,0.6201046109
1616.0435728774,0.6287000179
1617.0077993529,0.6371757388
1617.9720258284,0.6454979777
1618.9362523038,0.6536359191
1619.9004787793,0.6615610719
1620.8647052548,0.6692448258
1621.8289317302,0.6766572595
1622.7931582057,0.6837665439
1623.7573846812,0.6905410290
1624.7216111566,0.6969507933
1625.6858376321,0.7029682398
1626.6500641075,0.7085685134
1627.6142905830,0.7137293220
1628.5785170585,0.7184309959
1629.5427435339,0.7226568460
1630.5069700094,0.7263934612
1631.4711964849,0.7296303511
1632.4354229603,0.7323594689
1633.3996494358,0.7345744371
1634.3638759113,0.7362703085
1635.3281023867,0.7374448776
1636.2923288622,0.7381004691
1637.2565553377,0.7382447720
1638.2207818131,0.7378906608
1639.1850082886,0.7370540500
1640.1492347640,0.7357518673
1641.1134612395,0.7340013981
1642.0776877150,0.7318194509
1643.0419141904,0.7292227149
1644.0061406659,0.7262269855
1644.9703671414,0.7228477001
1645.9345936168,0.7191001773
1646.8988200923,0.7150006294
1647.8630465678,0.7105664611
1648.8272730432,0.7058154345
1649.7914995187,0.7007640004
1650.7557259941,0.6954247952
1651.7199524696,0.6898069382
1652.6841789451,0.6839190125
1653.6484054205,0.6777731776
1654.6126318960,0.6713884473
1655.5768583715,0.6647893190
1656.5410848469,0.6580025554
1657.5053113224,0.6510526538
1658.4695377979,0.6439602971
1659.4337642733,0.6367421150
1660.3979907488,0.6294115782
1661.3622172242,0.6219805479
1662.3264436997,0.6144598126
1663.2906701752,0.6068601012
1664.2548966506,0.5991922617
1665.2191231261,0.5914667845
1666.1833496016,0.5836932659
1667.1475760770,0.5758787990
1668.1118025525,0.5680287480
1669.0760290280,0.5601471663
1670.0402555034,0.5522381067
1671.0044819789,0.5443064570
1671.9687084544,0.5363571048
1672.9329349298,0.5283942819
1673.8971614053,0.5204210877
1674.8613878807,0.5124399662
1675.8256143562,0.5044543147
1676.7898408317,0.4964692593
1677.7540673071,0.4884917140
1678.7182937826,0.4805291891
1679.6825202581,0.4725880325
1680.6467467335,0.4646721184
1681.6109732090,0.4567831159
1682.5751996845,0.4489201307
1683.5394261599,0.4410815239
1684.5036526354,0.4332672358
1685.4678791108,0.4254812002
1686.4321055863,0.4177326858
1687.3963320618,0.4100340605
1688.3605585372,0.4023985267
1689.3247850127,0.3948375881
1690.2890114882,0.3873605430
1691.2532379636,0.3799747229
1692.2174644391,0.3726856709
1693.1816909146,0.3654968739
1694.1459173900,0.3584092855
1695.1101438655,0.3514221609
1696.0743703409,0.3445352614
1697.0385968164,0.3377501965
1698.0028232919,0.3310704231
1698.9670497673,0.3244993389
1699.9312762428,0.3180395365
1700.8955027183,0.3116933703
1701.8597291937,0.3054646552
1702.8239556692,0.2993586659
1703.7881821447,0.2933804691
1704.7524086201,0.2875329256
1705.7166350956,0.2818168700
1706.6808615711,0.2762317657
1707.6450880465,0.2707771659
1708.6093145220,0.2654527724
1709.5735409974,0.2602584064
1710.5377674729,0.2551935017
1711.5019939484,0.2502571046
1712.4662204238,0.2454473376
1713.4304468993,0.2407613248
1714.3946733748,0.2361948788
1715.3588998502,0.2317428440
1716.3231263257,0.2273992300
1717.2873528012,0.2231585979
1718.2515792766,0.2190177292
1719.2158057521,0.2149762660
1720.1800322275,0.2110362798
1721.1442587030,0.2072004974
1722.1084851785,0.2034708709
1723.0727116539,0.1998476833
1724.0369381294,0.1963296831
1725.0011646049,0.1929148138
1725.9653910803,0.1896008402
1726.9296175558,0.1863853633
1727.8938440313,0.1832655519
1728.8580705067,0.1802382618
1729.8222969822,0.1772996187
1730.7865234576,0.1744447947
1731.7507499331,0.1716677845
1732.7149764086,0.1689614952
1733.6792028840,0.1663193852
1734.6434293595,0.1637375951
1735.6076558350,0.1612159312
1736.5718823104,0.1587572843
1737.5361087859,0.1563648731
1738.5003352614,0.1540403068
1739.4645617368,0.1517827660
1740.4287882123,0.1495900899
1741.3930146877,0.1474600434
1742.3572411632,0.1453909427
1743.3214676387,0.1433814168
1744.2856941141,0.1414301693
1745.2499205896,0.1395355612
1746.2141470651,0.1376956105
1747.1783735405,0.1359076798
1748.1426000160,0.1341685951
1749.1068264915,0.1324746013
1750.0710529669,0.1308216304
1751.0352794424,0.1292061806
1751.9995059179,0.1276260614
1752.9637323933,0.1260807663
1753.9279588688,0.1245710701
1754.8921853442,0.1230978742
1755.8564118197,0.1216613054
1756.8206382952,0.1202605739
1757.7848647706,0.1188948527
1758.7490912461,0.1175632700
1759.7133177216,0.1162651181
1760.6775441970,0.1149994731
1761.6417706725,0.1137652621
1762.6059971480,0.1125616804
1763.5702236234,0.1113887653
1764.5344500989,0.1102469265
1765.4986765743,0.1091364101
1766.4629030498,0.1080565378
1767.4271295253,0.1070055813
1768.3913560007,0.1059814095
1769.3555824762,0.1049819961
1770.3198089517,0.1040054634
1771.2840354271,0.1030498669
1772.2482619026,0.1021133289
1773.2124883781,0.1011946201
1774.1767148535,0.1002939939
1775.1409413290,0.0994129032
1776.1051678044,0.0985533148
1777.0693942799,0.0977166519
1778.0336207554,0.0969034359
1778.9978472308,0.0961133242
1779.9620737063,0.0953453705
1780.9263001818,0.0945985988
1781.8905266572,0.0938718766
1782.8547531327,0.0931640714
1783.8189796082,0.0924739167
1784.7832060836,0.0918003619
1785.7474325591,0.0911427364
1786.7116590346,0.0905010477
1787.6758855100,0.0898758173
1788.6401119855,0.0892673209
1789.6043384609,0.0886750743
1790.5685649364,0.0880974233
1791.5327914119,0.0875319988
1792.4970178873,0.0869766474
1793.4612443628,0.0864302441
1794.4254708383,0.0858931690
1795.3896973137,0.0853667781
1796.3539237892,0.0848526433
1797.3181502647,0.0843517184
1798.2823767401,0.0838641152
1799.2466032156,0.0833891705
1800.2108296910,0.0829258040
1801.1750561665,0.0824729428
1802.1392826420,0.0820298120
1803.1035091174,0.0815962553
1804.0677355929,0.0811723992
1805.0319620684,0.0807586461
1805.9961885438,0.0803552866
1806.9604150193,0.0799624175
1807.9246414948,0.0795798227
1808.8888679702,0.0792071298
1809.8530944457,0.0788438246
1810.8173209211,0.0784892216
1811.7815473966,0.0781429112
1812.7457738721,0.0778045505
1813.7100003475,0.0774740279
1814.6742268230,0.0771511868
1815.6384532985,0.0768357813
1816.6026797739,0.0765273944
1817.5669062494,0.0762257650
1818.5311327249,0.0759307966
1819.4953592003,0.0756427348
1820.4595856758,0.0753619522
1821.4238121513,0.0750887394
1822.3880386267,0.0748230144
1823.3522651022,0.0745642707
1824.3164915776,0.0743116140
1825.2807180531,0.0740642324
1826.2449445286,0.0738216788
1827.2091710040,0.0735838339
1828.1733974795,0.0733506009
1829.1376239550,0.0731216148
1830.1018504304,0.0728964359
1831.0660769059,0.0726748258
1832.0303033814,0.0724572465
1832.9945298568,0.0722445101
1833.9587563323,0.0720375031
1834.9229828077,0.0718368813
1835.8872092832,0.0716429502
1836.8514357587,0.0714557916
1837.8156622341,0.0712754503
1838.7798887096,0.0711020157
1839.7441151851,0.0709355101
1840.7083416605,0.0707755834
1841.6725681360,0.0706213862
1842.6367946115,0.0704711676
1843.6010210869,0.0703227371
1844.5652475624,0.0701742917
1845.5294740378,0.0700252950
1846.4937005133,0.0698764697
1847.4579269888,0.0697294548
1848.4221534642,0.0695859268
1849.3863799397,0.0694471225
1850.3506064152,0.0693137124
1851.3148328906,0.0691859797
1852.2790593661,0.0690639988
1853.2432858416,0.0689475387
1854.2075123170,0.0688363239
1855.1717387925,0.0687301159
1856.1359652680,0.0686286017
1857.1001917434,0.0685315952
1858.0644182189,0.0684387907
1859.0286446943,0.0683500692
1859.9928711698,0.0682651848
1860.9570976453,0.0681840107
1861.9213241207,0.0681064799
1862.8855505962,0.0680326968
1863.8497770717,0.0679626688
1864.8140035471,0.0678964108
1865.7782300226,0.0678335577
1866.7424564981,0.0677733719
1867.7066829735,0.0677147061
1868.6709094490,0.0676564053
1869.6351359244,0.0675979704
1870.5993623999,0.0675396621
1871.5635888754,0.0674826577
1872.5278153508,0.0674285367
1873.4920418263,0.0673787743
1874.4562683018,0.0673343688
1875.4204947772,0.0672957674
1876.3847212527,0.0672629178
1877.3489477282,0.0672352612
1878.3131742036,0.0672120824
1879.2774006791,0.0671925023
1880.2416271545,0.0671756715
1881.2058536300,0.0671611056
1882.1700801055,0.0671485364
1883.1343065809,0.0671380237
1884.0985330564,0.0671298355
1885.0627595319,0.0671245232
1886.0269860073,0.0671226457
1886.9912124828,0.0671246722
1887.9554389583,0.0671307147
1888.9196654337,0.0671405941
1889.8838919092,0.0671540052
1890.8481183847,0.0671706572
1891.8123448601,0.0671905726
1892.7765713356,0.0672136843
1893.7407978110,0.0672399178
1894.7050242865,0.0672688708
1895.6692507620,0.0673000589
1896.6334772374,0.0673330948
1897.5977037129,0.0673676804
1898.5619301884,0.0674038380
1899.5261566638,0.0674418360
1900.4903831393,0.0674822032
1901.4546096148,0.0675255656
1902.4188360902,0.0675726533
1903.3830625657,0.0676240698
1904.3472890411,0.0676802471
1905.3115155166,0.0677412674
1906.2757419921,0.0678069592
1907.2399684675,0.0678766817
1908.2041949430,0.0679497197
1909.1684214185,0.0680253059
1910.1326478939,0.0681028813
1911.0968743694,0.0681823418
1912.0611008449,0.0682640672
1913.0253273203,0.0683487356
1913.9895537958,0.0684371889
1914.9537802712,0.0685299858
1915.9180067467,0.0686272681
1916.8822332222,0.0687285066
1917.8464596976,0.0688329861
1918.8106861731,0.0689398572
1919.7749126486,0.0690486729
1920.7391391240,0.0691593885
1921.7033655995,0.0692720786
1922.6675920750,0.0693869293
1923.6318185504,0.0695040524
1924.5960450259,0.0696238801
1925.5602715013,0.0697468743
1926.5244979768,0.0698735192
1927.4887244523,0.0700042173
1928.4529509277,0.0701392442
1929.4171774032,0.0702786371
1930.3814038787,0.0704223663
1931.3456303541,0.0705701932
1932.3098568296,0.0707219988
1933.2740833051,0.0708775148
1934.2383097805,0.0710366219
1935.2025362560,0.0711992308
1936.1667627315,0.0713653862
1937.1309892069,0.0715351403
1938.0952156824,0.0717085674
1939.0594421578,0.0718857199
1940.0236686333,0.0720663443
1940.9878951088,0.0722501352
1941.9521215842,0.0724365339
1942.9163480597,0.0726252869
1943.8805745352,0.0728163198
1944.8448010106,0.0730099753
1945.8090274861,0.0732066631
1946.7732539616,0.0734068081
1947.7374804370,0.0736104548
1948.7017069125,0.0738175362
1949.6659333879,0.0740278214
1950.6301598634,0.0742410943
1951.5943863389,0.0744571760
1952.5586128143,0.0746759772
1953.5228392898,0.0748975053
1954.4870657653,0.0751218498
1955.4512922407,0.0753490850
1956.4155187162,0.0755795166
1957.3797451917,0.0758133084
1958.3439716671,0.0760507137
1959.3081981426,0.0762917623
1960.2724246180,0.0765362829
1961.2366510935,0.0767840296
1962.2008775690,0.0770345777
1963.1651040444,0.0772875547
1964.1293305199,0.0775427595
1965.0935569954,0.0778000876
1966.0577834708,0.0780595541
1967.0220099463,0.0783210695
1967.9862364218,0.0785846636
1968.9504628972,0.0788503438
1969.9146893727,0.0791180506
1970.8789158482,0.0793878436
1971.8431423236,0.0796596110
1972.8073687991,0.0799332932
1973.7715952745,0.0802088007
1974.7358217500,0.0804860964
1975.7000482255,0.0807652548
1976.6642747009,0.0810463428
1977.6285011764,0.0813295469
1978.5927276519,0.0816149935
1979.5569541273,0.0819027945
1980.5211806028,0.0821929052
1981.4854070783,0.0824854299
1982.4496335537,0.0827801973
1983.4138600292,0.0830772221
1984.3780865046,0.0833763704
1985.3423129801,0.0836776718
1986.3065394556,0.0839811563
1987.2707659310,0.0842868090
1988.2349924065,0.0845946223
1989.1992188820,0.0849044770
1990.1634453574,0.0852161348
1991.1276718329,0.0855291784
1992.0918983084,0.0858432055
1993.0561247838,0.0861579329
1994.0203512593,0.0864732340
1994.9845777347,0.0867891461
1995.9488042102,0.0871057957
1996.9130306857,0.0874233022
1997.8772571611,0.0877417475
1998.8414836366,0.0880612731
1999.8057101121,0.0883819014
2000.7699365875,0.0887036771
2001.7341630630,0.0890266225
2002.6983895385,0.0893506259
2003.6626160139,0.0896755755
2004.6268424894,0.0900013074
2005.5910689649,0.0903276056
2006.5552954403,0.0906542465
2007.5195219158,0.0909810364
2008.4837483912,0.0913079083
2009.4479748667,0.0916348100
2010.4122013422,0.0919617936
2011.3764278176,0.0922889262
2012.3406542931,0.0926162377
2013.3048807686,0.0929436758
2014.2691072440,0.0932711363
2015.2333337195,0.0935984179
2016.1975601950,0.0939253420
2017.1617866704,0.0942517444
2018.1260131459,0.0945775807
2019.0902396213,0.0949028879
2020.0544660968,0.0952277035
2021.0186925723,0.0955519527
2021.9829190477,0.0958756357
2022.9471455232,0.0961986259
2023.9113719987,0.0965208262
2024.8755984741,0.0968421549
2025.8398249496,0.0971625000
2026.8040514251,0.0974818170
2027.7682779005,0.0978000686
2028.7325043760,0.0981173217
2029.6967308514,0.0984337032
2030.6609573269,0.0987494737
2031.6251838024,0.0990646854
2032.5894102778,0.0993794799
2033.5536367533,0.0996936560
2034.5178632288,0.1000069827
2035.4820897042,0.1003191024
2036.4463161797,0.1006296575
2037.4105426552,0.1009383053
2038.3747691306,0.1012448519
2039.3389956061,0.1015491262
2040.3032220816,0.1018509045
2041.2674485570,0.1021500379
2042.2316750325,0.1024463326
2043.1959015079,0.1027395502
2044.1601279834,0.1030296534
2045.1243544589,0.1033166647
2046.0885809343,0.1036008373
2047.0528074098,0.1038826704
2048.0170338853,0.1041626781
2048.9812603607,0.1044415161
2049.9454868362,0.1047196090
2050.9097133117,0.1049971953
2051.8739397871,0.1052740961
2052.8381662626,0.1055499166
2053.8023927380,0.1058240011
2054.7666192135,0.1060956419
2055.7308456890,0.1063643545
2056.6950721644,0.1066296175
2057.6592986399,0.1068914011
2058.6235251154,0.1071497351
2059.5877515908,0.1074049100
2060.5519780663,0.1076573133
2061.5162045418,0.1079073399
2062.4804310172,0.1081552207
2063.4446574927,0.1084009781
2064.4088839681,0.1086444855
2065.3731104436,0.1088853702
2066.3373369191,0.1091232300
2067.3015633945,0.1093575880
2068.2657898700,0.1095880345
2069.2300163455,0.1098142415
2070.1942428209,0.1100359336
2071.1584692964,0.1102530360
2072.1226957719,0.1104656011
2073.0869222473,0.1106738299
2074.0511487228,0.1108779162
2075.0153751983,0.1110780835
2075.9796016737,0.1112743989
2076.9438281492,0.1114668846
2077.9080546246,0.1116555780
2078.8722811001,0.1118402630
2079.8365075756,0.1120208427
2080.8007340510,0.1121970713
2081.7649605265,0.1123687774
2082.7291870020,0.1125359237
2083.6934134774,0.1126985997
2084.6576399529,0.1128570437
2085.6218664284,0.1130115539
2086.5860929038,0.1131622195
2087.5503193793,0.1133089662
2088.5145458547,0.1134514362
2089.4787723302,0.1135891676
2090.4429988057,0.1137217358
2091.4072252811,0.1138489246
2092.3714517566,0.1139709055
2093.3356782321,0.1140880063
2094.2999047075,0.1142007560
2095.2641311830,0.1143094301
2096.2283576585,0.1144142225
2097.1925841339,0.1145150959
2098.1568106094,0.1146119833
2099.1210370848,0.1147047803
2100.0852635603,0.1147933751
2101.0494900358,0.1148778126
2102.0137165112,0.1149583533
2102.9779429867,0.1150347590
2103.9421694622,0.1151062250
2104.9063959376,0.1151716188
2105.8706224131,0.1152300388
2106.8348488886,0.1152808368
2107.7990753640,0.1153238416
2108.7633018395,0.1153590605
2109.7275283149,0.1153871119
2110.6917547904,0.1154094338
2111.6559812659,0.1154281721
2112.6202077413,0.1154452935
2113.5844342168,0.1154618412
2114.5486606923,0.1154770702
2115.5128871677,0.1154890582
2116.4771136432,0.1154954433
2117.4413401187,0.1154943258
2118.4055665941,0.1154850051
2119.3697930696,0.1154677123
2120.3340195451,0.1154427603
2121.2982460205,0.1154102087
2122.2624724960,0.1153698266
2123.2266989714,0.1153217554
2124.1909254469,0.1152674034
2125.1551519224,0.1152093485
2126.1193783978,0.1151506305
2127.0836048733,0.1150928289
2128.0478313488,0.1150352359
2129.0120578242,0.1149753556
2129.9762842997,0.1149102226
2130.9405107752,0.1148380935
2131.9047372506,0.1147589162
2132.8689637261,0.1146738306
2133.8331902015,0.1145840064
2134.7974166770,0.1144897863
2135.7616431525,0.1143905371
2136.7258696279,0.1142851114
2137.6900961034,0.1141722724
2138.6543225789,0.1140513495
2139.6185490543,0.1139229536
2140.5827755298,0.1137888804
2141.5470020053,0.1136513427
2142.5112284807,0.1135118753
2143.4754549562,0.1133700982
2144.4396814316,0.1132242978
2145.4039079071,0.1130724996
2146.3681343826,0.1129140109
2147.3323608580,0.1127498448
2148.2965873335,0.1125817448
2149.2608138090,0.1124109253
2150.2250402844,0.1122374237
2151.1892667599,0.1120601743
2152.1534932354,0.1118781716
2153.1177197108,0.1116912961
2154.0819461863,0.1115003452
2155.0461726618,0.1113066375
2156.0103991372,0.1111107469
2156.9746256127,0.1109119281
2157.9388520881,0.1107087359
2158.9030785636,0.1104996204
2159.8673050391,0.1102837622
2160.8315315145,0.1100613475
2161.7957579900,0.1098336130
2162.7599844655,0.1096023619
2163.7242109409,0.1093697697
2164.6884374164,0.1091375723
2165.6526638919,0.1089062616
2166.6168903673,0.1086743772
2167.5811168428,0.1084391549
2168.5453433182,0.1081980243
2169.5095697937,0.1079497859
2170.4737962692,0.1076951921
2171.4380227446,0.1074362695
2172.4022492201,0.1071753427
2173.3664756956,0.1069148779
2174.3307021710,0.1066566557
2175.2949286465,0.1064012274
2176.2591551220,0.1061469093
2177.2233815974,0.1058901250
2178.1876080729,0.1056270972
2179.1518345483,0.1053557470
2180.1160610238,0.1050768122
2181.0802874993,0.1047930196
2182.0445139747,0.1045070738
2183.0087404502,0.1042205542
2183.9729669257,0.1039337069
2184.9371934011,0.1036462858
2185.9014198766,0.1033580378
2186.8656463521,0.1030687690
2187.8298728275,0.1027778909
2188.7940993030,0.1024844795
2189.7583257785,0.1021879986
2190.7225522539,0.1018885747
2191.6867787294,0.1015872285
2192.6510052048,0.1012851819
2193.6152316803,0.1009831801
2194.5794581558,0.1006808653
2195.5436846312,0.1003769636
2196.5079111067,0.1000704095
2197.4721375822,0.0997611061
2198.4363640576,0.0994502008
2199.4005905331,0.0991392881
2200.3648170086,0.0988292545
2201.3290434840,0.0985196605
2202.2932699595,0.0982090607
2203.2574964349,0.0978961810
2204.2217229104,0.0975808054
2205.1859493859,0.0972638503
2206.1501758613,0.0969464779
2207.1144023368,0.0966292694
2208.0786288123,0.0963124484
2209.0428552877,0.0959957689
2210.0070817632,0.0956787094
2210.9713082387,0.0953601673
2211.9355347141,0.0950386375
2212.8997611896,0.0947127119
2213.8639876650,0.0943822041
2214.8282141405,0.0940485075
2215.7924406160,0.0937146842
2216.7566670914,0.0933840647
2217.7208935669,0.0930589288
2218.6851200424,0.0927396119
2219.6493465178,0.0924246237
2220.6135729933,0.0921111852
2221.5777994688,0.0917963982
2222.5420259442,0.0914779752
2223.5062524197,0.0911552832
2224.4704788952,0.0908290967
2225.4347053706,0.0905008242
2226.3989318461,0.0901717246
2227.3631583215,0.0898422673
2228.3273847970,0.0895125121
2229.2916112725,0.0891832709
2230.2558377479,0.0888563693
2231.2200642234,0.0885340944
2232.1842906989,0.0882173851
2233.1485171743,0.0879051238
2234.1127436498,0.0875947326
2235.0769701253,0.0872839019
2236.0411966007,0.0869721547
2237.0054230762,0.0866610110
2237.9696495516,0.0863523930
2238.9338760271,0.0860474333
2239.8981025026,0.0857456475
2240.8623289780,0.0854455903
2241.8265554535,0.0851455554
2242.7907819290,0.0848442689
2243.7550084044,0.0845409632
2244.7192348799,0.0842350125
2245.6834613554,0.0839262307
2246.6476878308,0.0836146846
2247.6119143063,0.0833011046
2248.5761407817,0.0829863697
2249.5403672572,0.0826705843
2250.5045937327,0.0823529288
2251.4688202081,0.0820335373
2252.4330466836,0.0817127228
2253.3972731591,0.0813907683
2254.3614996345,0.0810680240
2255.3257261100,0.0807449892
2256.2899525855,0.0804221034
2257.2541790609,0.0800998956
2258.2184055364,0.0797787011
2259.1826320119,0.0794588625
2260.1468584873,0.0791406557
2261.1110849628,0.0788243040
2262.0753114382,0.0785100013
2263.0395379137,0.0781979486
2264.0037643892,0.0778881907
2264.9679908646,0.0775806978
2265.9322173401,0.0772752464
2266.8964438156,0.0769715235
2267.8606702910,0.0766692162
2268.8248967665,0.0763680488
2269.7891232420,0.0760678649
2270.7533497174,0.0757684931
2271.7175761929,0.0754699558
2272.6818026683,0.0751721710
2273.6460291438,0.0748750791
2274.6102556193,0.0745785981
2275.5744820947,0.0742827430
2276.5387085702,0.0739874914
2277.5029350457,0.0736929253
2278.4671615211,0.0733992383
2279.4313879966,0.0731067955
2280.3956144721,0.0728159770
2281.3598409475,0.0725273192
2282.3240674230,0.0722410232
2283.2882938984,0.0719571486
2284.2525203739,0.0716754049
2285.2167468494,0.0713953450
2286.1809733248,0.0711163506
2287.1451998003,0.0708379298
2288.1094262758,0.0705596805
2289.0736527512,0.0702814385
2290.0378792267,0.0700032115
2291.0021057022,0.0697252303
2291.9663321776,0.0694477931
2292.9305586531,0.0691714063
2293.8947851285,0.0688965991
2294.8590116040,0.0686239302
2295.8232380795,0.0683538914
2296.7874645549,0.0680867136
2297.7516910304,0.0678224787
2298.7159175059,0.0675610378
2299.6801439813,0.0673021153
2300.6443704568,0.0670453086
2301.6085969323,0.0667902231
2302.5728234077,0.0665365905
2303.5370498832,0.0662842169
2304.5012763587,0.0660331026
2305.4655028341,0.0657833964
2306.4297293096,0.0655354634
2307.3939557850,0.0652894825
2308.3581822605,0.0650457069
2309.3224087360,0.0648042932
2310.2866352114,0.0645655394
2311.2508616869,0.0643294975
2312.2150881624,0.0640963167
2313.1793146378,0.0638659522
2314.1435411133,0.0636383817
2315.1077675888,0.0634134188
2316.0719940642,0.0631908178
2317.0362205397,0.0629701242
2318.0004470151,0.0627511293
2318.9646734906,0.0625337064
2319.9288999661,0.0623177961
2320.8931264415,0.0621032529
2321.8573529170,0.0618893206
2322.8215793925,0.0616752543
2323.7858058679,0.0614607260
2324.7500323434,0.0612459779
2325.7142588189,0.0610314831
2326.6784852943,0.0608180165
2327.6427117698,0.0606063828
2328.6069382452,0.0603974424
2329.5711647207,0.0601917803
2330.5353911962,0.0599904694
2331.4996176716,0.0597956926
2332.4638441471,0.0596107170
2333.4280706226,0.0594387017
2334.3922970980,0.0592821836
2335.3565235735,0.0591418892
2336.3207500490,0.0590158105
2337.2849765244,0.0588987842
2338.2492029999,0.0587835647
2339.2134294754,0.0586616509
2340.1776559508,0.0585237481
2341.1418824263,0.0583607778
2342.1061089017,0.0581654608
2343.0703353772,0.0579338185
2344.0345618527,0.0576667935
2344.9987883281,0.0573705658
2345.9630148036,0.0570553541
2346.9272412791,0.0567319915
2347.8914677545,0.0564086623
2348.8556942300,0.0560901389
2349.8199207055,0.0557784140
2350.7841471809,0.0554750338
2351.7483736564,0.0551819429
2352.7126001318,0.0549013577
2353.6768266073,0.0546345748
2354.6410530828,0.0543818027
2355.6052795582,0.0541426986
2356.5695060337,0.0539159738
2357.5337325092,0.0536987111
2358.4979589846,0.0534870327
2359.4621854601,0.0532765724
2360.4264119356,0.0530638993
2361.3906384110,0.0528472103
2362.3548648865,0.0526264794
2363.3190913619,0.0524024442
2364.2833178374,0.0521754585
2365.2475443129,0.0519453809
2366.2117707883,0.0517123379
2367.1759972638,0.0514773764
2368.1402237393,0.0512419604
2369.1044502147,0.0510069057
2370.0686766902,0.0507721230
2371.0329031657,0.0505374372
2371.9971296411,0.0503031127
2372.9613561166,0.0500699319
2373.9255825921,0.0498385876
2374.8898090675,0.0496095121
2375.8540355430,0.0493831411
2376.8182620184,0.0491596982
2377.7824884939,0.0489394441
2378.7467149694,0.0487228893
2379.7109414448,0.0485104658
2380.6751679203,0.0483025759
2381.6393943958,0.0480993800
2382.6036208712,0.0479008779
2383.5678473467,0.0477068573
2384.5320738222,0.0475167632
2385.4963002976,0.0473297834
2386.4605267731,0.0471450165
2387.4247532485,0.0469615720
2388.3889797240,0.0467786677
2389.3532061995,0.0465958379
2390.3174326749,0.0464129113
2391.2816591504,0.0462300070
2392.2458856259,0.0460475497
2393.2101121013,0.0458660349
2394.1743385768,0.0456861481
2395.1385650523,0.0455083773
2396.1027915277,0.0453332067
2397.0670180032,0.0451608077
2398.0312444786,0.0449911468
2398.9954709541,0.0448239073
2399.9596974296,0.0446584523
2400.9239239050,0.0444940068
2401.8881503805,0.0443293639
2402.8523768560,0.0441622660
2403.8166033314,0.0439914763
2404.7808298069,0.0438170321
2405.7450562824,0.0436400808
2406.7092827578,0.0434625708
2407.6735092333,0.0432867371
2408.6377357088,0.0431145765
2409.6019621842,0.0429470576
2410.5661886597,0.0427842587
2411.5304151351,0.0426258035
2412.4946416106,0.0424713157
2413.4588680861,0.0423204526
2414.4230945615,0.0421721227
2415.3873210370,0.0420242995
2416.3515475125,0.0418742448
2417.3157739879,0.0417196825
2418.2800004634,0.0415602773
2419.2442269389,0.0413981676
2420.2084534143,0.0412368588
2421.1726798898,0.0410792790
2422.1369063652,0.0409257114
2423.1011328407,0.0407735072
2424.0653593162,0.0406187959
2425.0295857916,0.0404590257
2425.9938122671,0.0402948558
2426.9580387426,0.0401298963
2427.9222652180,0.0399684906
2428.8864916935,0.0398128740
2429.8507181690,0.0396623649
2430.8149446444,0.0395144299
2431.7791711199,0.0393671095
2432.7433975953,0.0392206050
2433.7076240708,0.0390769839
2434.6718505463,0.0389378555
2435.6360770217,0.0388023928
2436.6003034972,0.0386672579
2437.5645299727,0.0385285430
2438.5287564481,0.0383842699
2439.4929829236,0.0382356122
2440.4572093991,0.0380855873
2441.4214358745,0.0379373990
2442.3856623500,0.0377928168
2443.3498888255,0.0376520082
2444.3141153009,0.0375140682
2445.2783417764,0.0373776108
2446.2425682518,0.0372414216
2447.2067947273,0.0371048823
2448.1710212028,0.0369680189
2449.1352476782,0.0368312821
2450.0994741537,0.0366948396
2451.0637006292,0.0365581065
2452.0279271046,0.0364204831
2452.9921535801,0.0362820625
2453.9563800556,0.0361441076
2454.9206065310,0.0360083058
2455.8848330065,0.0358755514
2456.8490594819,0.0357453711
2457.8132859574,0.0356165208
2458.7775124329,0.0354881287
2459.7417389083,0.0353604220
2460.7059653838,0.0352341011
2461.6701918593,0.0351093337
2462.6344183347,0.0349848233
2463.5986448102,0.0348585546
2464.5628712857,0.0347292386
2465.5270977611,0.0345972963
2466.4913242366,0.0344651453
2467.4555507120,0.0343354121
2468.4197771875,0.0342098661
2469.3840036630,0.0340884961
2470.3482301384,0.0339698531
2471.3124566139,0.0338519663
2472.2766830894,0.0337330215
2473.2409095648,0.0336119793
2474.2051360403,0.0334885716
2475.1693625158,0.0333632417
2476.1335889912,0.0332369097
2477.0978154667,0.0331107043
2478.0620419421,0.0329853967
2479.0262684176,0.0328615233
2479.9904948931,0.0327392481
2480.9547213685,0.0326185152
2481.9189478440,0.0324992090
2482.8831743195,0.0323810801
2483.8474007949,0.0322639011
2484.8116272704,0.0321474262
2485.7758537459,0.0320314802
2486.7400802213,0.0319157913
2487.7043066968,0.0318002440
2488.6685331723,0.0316848382
2489.6327596477,0.0315699354
2490.5969861232,0.0314560942
2491.5612125986,0.0313436203
2492.5254390741,0.0312322006
2493.4896655496,0.0311211180
2494.4538920250,0.0310099237
2495.4181185005,0.0308991186
2496.3823449760,0.0307898726
2497.3465714514,0.0306827351
2498.3107979269,0.0305766258
2499.2750244024,0.0304686241
2500.2392508778,0.0303555988
2501.2034773533,0.0302362200
2502.1677038287,0.0301118232
2503.1319303042,0.0299861319
2504.0961567797,0.0298633315
2505.0603832551,0.0297465827
2506.0246097306,0.0296369307
2506.9888362061,0.0295336246
2507.9530626815,0.0294348598
2508.9172891570,0.0293382201
2509.8815156325,0.0292411596
2510.8457421079,0.0291414354
2511.8099685834,0.0290376395
2512.7741950588,0.0289299656
2513.7384215343,0.0288203266
2514.7026480098,0.0287116002
2515.6668744852,0.0286061373
2516.6311009607,0.0285044294
2517.5953274362,0.0284048468
2518.5595539116,0.0283046514
2519.5237803871,0.0282017738
2520.4880068626,0.0280961562
2521.4522333380,0.0279897656
2522.4164598135,0.0278854426
2523.3806862890,0.0277853124
2524.3449127644,0.0276896730
2525.3091392399,0.0275974218
2526.2733657153,0.0275070388
2527.2375921908,0.0274176095
2528.2018186663,0.0273287799
2529.1660451417,0.0272399113
2530.1302716172,0.0271495469
2531.0944980927,0.0270554814
2532.0587245681,0.0269565061
2533.0229510436,0.0268533938
2533.9871775191,0.0267490130
2534.9514039945,0.0266465843
2535.9156304700,0.0265480056
2536.8798569454,0.0264529698
2537.8440834209,0.0263600443
2538.8083098964,0.0262682121
2539.7725363718,0.0261780489
2540.7367628473,0.0260909293
2541.7009893228,0.0260076467
2542.6652157982,0.0259269346
2543.6294422737,0.0258459356
2544.5936687492,0.0257618763
2545.5578952246,0.0256741792
2546.5221217001,0.0255851001
2547.4863481755,0.0254986752
2548.4505746510,0.0254180040
2549.4148011265,0.0253437404
2550.3790276019,0.0252739619
2551.3432540774,0.0252057035
2552.3074805529,0.0251363870
2553.2717070283,0.0250642281
2554.2359335038,0.0249879137
2555.2001599793,0.0249067340
2556.1643864547,0.0248213485
2557.1286129302,0.0247345548
2558.0928394057,0.0246504620
2559.0570658811,0.0245727692
2560.0212923566,0.0245030057
2560.9855188320,0.0244403183
2561.9497453075,0.0243824031
2562.9139717830,0.0243267696
2563.8781982584,0.0242710318
2564.8424247339,0.0242131408
2565.8066512094,0.0241515618
2566.7708776848,0.0240861345
2567.7351041603,0.0240181442
2568.6993306358,0.0239497833
2569.6635571112,0.0238827709
2570.6277835867,0.0238178223
2571.5920100621,0.0237547141
2572.5562365376,0.0236932822
2573.5204630131,0.0236338004
2574.4846894885,0.0235768668
2575.4489159640,0.0235228930
2576.4131424395,0.0234715771
2577.3773689149,0.0234220978
2578.3415953904,0.0233736336
2579.3058218659,0.0233257487
2580.2700483413,0.0232788250
2581.2342748168,0.0232334081
2582.1985012922,0.0231897999
2583.1627277677,0.0231475588
2584.1269542432,0.0231059790
2585.0911807186,0.0230648126
2586.0554071941,0.0230251495
2587.0196336696,0.0229887944
2587.9838601450,0.0229573529
2588.9480866205,0.0229311008
2589.9123130960,0.0229086690
2590.8765395714,0.0228873305
2591.8407660469,0.0228640549
2592.8049925224,0.0228364971
2593.7692189978,0.0228039492
2594.7334454733,0.0227677766
2595.6976719487,0.0227310862
2596.6618984242,0.0226973742
2597.6261248997,0.0226689540
2598.5903513751,0.0226461273
2599.5545778506,0.0226277187
2600.5188043261,0.0226120111
2601.4830308015,0.0225974228
2602.4472572770,0.0225827526
2603.4114837525,0.0225669928
2604.3757102279,0.0225497875
2605.3399367034,0.0225320384
2606.3041631788,0.0225158427
2607.2683896543,0.0225034654
2608.2326161298,0.0224956963
2609.1968426052,0.0224912520
2610.1610690807,0.0224872995
2611.1252955562,0.0224813018
2612.0895220316,0.0224724151
2613.0537485071,0.0224615373
2614.0179749826,0.0224506613
2614.9822014580,0.0224417206
2615.9464279335,0.0224356689
2616.9106544089,0.0224325061
2617.8748808844,0.0224314164
2618.8391073599,0.0224315263
2619.8033338353,0.0224325340
2620.7675603108,0.0224350151
2621.7317867863,0.0224399753
2622.6960132617,0.0224483721
2623.6602397372,0.0224605296
2624.6244662127,0.0224761218
2625.5886926881,0.0224938691
2626.5529191636,0.0225119442
2627.5171456391,0.0225282479
2628.4813721145,0.0225415807
2629.4455985900,0.0225524604
2630.4098250654,0.0225631483
2631.3740515409,0.0225764811
2632.3382780164,0.0225940961
2633.3025044918,0.0226152297
2634.2667309673,0.0226374548
2635.2309574428,0.0226579625
2636.1951839182,0.0226754993
2637.1594103937,0.0226911549
2638.1236368692,0.0227076299
2639.0878633446,0.0227275416
2640.0520898201,0.0227516815
2641.0163162955,0.0227783322
2641.9805427710,0.0228046048
2642.9447692465,0.0228289124
2643.9089957219,0.0228527859
2644.8732221974,0.0228800997
2645.8374486729,0.0229145363
2646.8016751483,0.0229566991
2647.7659016238,0.0230037514
2648.7301280993,0.0230509993
2649.6943545747,0.0230949502
2650.6585810502,0.0231348909
2651.6228075256,0.0231728163
2652.5870340011,0.0232117530
2653.5512604766,0.0232540816
2654.5154869520,0.0233003478
2655.4797134275,0.0233491585
2656.4439399030,0.0233983845
2657.4081663784,0.0234463308
2658.3723928539,0.0234925896
2659.3366193294,0.0235377327
2660.3008458048,0.0235829074
2661.2650722803,0.0236294530
2662.2292987557,0.0236786027
2663.1935252312,0.0237312559
2664.1577517067,0.0237871967
2665.1219781821,0.0238449760
2666.0862046576,0.0239026006
2667.0504311331,0.0239587277
2668.0146576085,0.0240135211
2668.9788840840,0.0240683500
2669.9431105595,0.0241246615
2670.9073370349,0.0241835546
2671.8715635104,0.0242454652
2672.8357899859,0.0243106708
2673.8000164613,0.0243788715
2674.7642429368,0.0244494919
2675.7284694122,0.0245217662
2676.6926958877,0.0245954785
2677.6569223632,0.0246713124
2678.6211488386,0.0247502290
2679.5853753141,0.0248322841
2680.5496017896,0.0249164384
2681.5138282650,0.0250010211
2682.4780547405,0.0250850711
2683.4422812160,0.0251689721
2684.4065076914,0.0252543166
2685.3707341669,0.0253428351
2686.3349606423,0.0254355408
2687.2991871178,0.0255321674
2688.2634135933,0.0256314501
2689.2276400687,0.0257316623
2690.1918665442,0.0258317869
2691.1560930197,0.0259319898
2692.1203194951,0.0260337554
2693.0845459706,0.0261384863
2694.0487724461,0.0262461025
2695.0129989215,0.0263547916
2695.9772253970,0.0264619663
2696.9414518724,0.0265661944
2697.9056783479,0.0266685225
2698.8699048234,0.0267719198
2699.8341312988,0.0268792249
2700.7983577743,0.0269912388
2701.7625842498,0.0271062851
2702.7268107252,0.0272216108
2703.6910372007,0.0273355599
2704.6552636762,0.0274489056
2705.6194901516,0.0275644045
2706.5837166271,0.0276853424
2707.5479431026,0.0278134607
2708.5121695780,0.0279480498
2709.4763960535,0.0280866846
2710.4406225289,0.0282269940
2711.4048490044,0.0283683706
2712.3690754799,0.0285120308
2713.3333019553,0.0286592804
2714.2975284308,0.0288093444
2715.2617549063,0.0289594065
2716.2259813817,0.0291066673
2717.1902078572,0.0292511005
2718.1544343327,0.0293957461
2719.1186608081,0.0295444876
2720.0828872836,0.0296992920
2721.0471137590,0.0298590623
2722.0113402345,0.0300211906
2722.9755667100,0.0301835760
2723.9397931854,0.0303456895
2724.9040196609,0.0305081401
2725.8682461364,0.0306716505
2726.8324726118,0.0308367796
2727.7966990873,0.0310041681
2728.7609255628,0.0311746262
2729.7251520382,0.0313491262
2730.6893785137,0.0315282084
2731.6536049891,0.0317115411
2732.6178314646,0.0318979062
2733.5820579401,0.0320856310
2734.5462844155,0.0322734937
2735.5105108910,0.0324616320
2736.4747373665,0.0326518901
2737.4389638419,0.0328468643
2738.4031903174,0.0330482684
2739.3674167929,0.0332556926
2740.3316432683,0.0334667638
2741.2958697438,0.0336783566
2742.2600962193,0.0338884033
2743.2243226947,0.0340966471
2744.1885491702,0.0343042873
2745.1527756456,0.0345130973
2746.1170021211,0.0347244702
2747.0812285966,0.0349392332
2748.0454550720,0.0351576358
2749.0096815475,0.0353797451
2749.9739080230,0.0356052816
2750.9381344984,0.0358334109
2751.9023609739,0.0360626429
2752.8665874494,0.0362913497
2753.8308139248,0.0365186259
2754.7950404003,0.0367449261
2755.7592668757,0.0369721875
2756.7234933512,0.0372030661
2757.6877198267,0.0374398530
2758.6519463021,0.0376834311
2759.6161727776,0.0379329920
2760.5803992531,0.0381866246
2761.5446257285,0.0384424999
2762.5088522040,0.0386997126
2763.4730786795,0.0389586091
2764.4373051549,0.0392201245
2765.4015316304,0.0394849144
2766.3657581058,0.0397530720
2767.3299845813,0.0400247462
2768.2942110568,0.0403005108
2769.2584375322,0.0405814797
2770.2226640077,0.0408684015
2771.1868904832,0.0411609523
2772.1511169586,0.0414574854
2773.1153434341,0.0417559333
2774.0795699096,0.0420546681
2775.0437963850,0.0423530117
2776.0080228605,0.0426513329
2776.9722493360,0.0429507717
2777.9364758114,0.0432530232
2778.9007022869,0.0435595177
2779.8649287623,0.0438706949
2780.8291552378,0.0441859365
2781.7933817133,0.0445042737
2782.7576081887,0.0448255725
2783.7218346642,0.0451506972
2784.6860611397,0.0454807542
2785.6502876151,0.0458158925
2786.6145140906,0.0461549461
2787.5787405661,0.0464962833
2788.5429670415,0.0468392149
2789.5071935170,0.0471844338
2790.4714199924,0.0475337431
2791.4356464679,0.0478889123
2792.3998729434,0.0482509062
2793.3640994188,0.0486197211
2794.3283258943,0.0489944369
2795.2925523698,0.0493735112
2796.2567788452,0.0497552976
2797.2210053207,0.0501381718
2798.1852317962,0.0505208038
2799.1494582716,0.0509022623
2800.1136847471,0.0512824208
2801.0779112225,0.0516622737
2802.0421376980,0.0520440042
2803.0063641735,0.0524303056
2803.9705906489,0.0528232083
2804.9348171244,0.0532236956
2805.8990435999,0.0536320470
2806.8632700753,0.0540483780
2807.8274965508,0.0544734411
2808.7917230263,0.0549079664
2809.7559495017,0.0553516634
2810.7201759772,0.0558022298
2811.6844024527,0.0562554114
2812.6486289281,0.0567064472
2813.6128554036,0.0571518354
2814.5770818790,0.0575910322
2815.5413083545,0.0580270663
2816.5055348300,0.0584653988
2817.4697613054,0.0589117967
2818.4339877809,0.0593700819
2819.3982142564,0.0598409995
2820.3624407318,0.0603223331
2821.3266672073,0.0608109310
2822.2908936828,0.0613041930
2823.2551201582,0.0618009120
2824.2193466337,0.0623009764
2825.1835731091,0.0628046393
2826.1477995846,0.0633118823
2827.1120260601,0.0638227165
2828.0762525355,0.0643379018
2829.0404790110,0.0648587495
2830.0047054865,0.0653862730
2830.9689319619,0.0659207627
2831.9331584374,0.0664615557
2832.8973849129,0.0670077354
2833.8616113883,0.0675586239
2834.8258378638,0.0681136325
2835.7900643392,0.0686718673
2836.7542908147,0.0692321286
2837.7185172902,0.0697936267
2838.6827437656,0.0703566149
2839.6469702411,0.0709225535
2840.6111967166,0.0714932084
2841.5754231920,0.0720700175
2842.5396496675,0.0726536214
2843.5038761430,0.0732440725
2844.4681026184,0.0738409832
2845.4323290939,0.0744437501
2846.3965555693,0.0750519708
2847.3607820448,0.0756657869
2848.3250085203,0.0762861520
2849.2892349957,0.0769143254
2850.2534614712,0.0775512680
2851.2176879467,0.0781967416
2852.1819144221,0.0788495019
2853.1461408976,0.0795082897
2854.1103673731,0.0801732093
2855.0745938485,0.0808463544
2856.0388203240,0.0815309733
2857.0030467995,0.0822299123
2857.9672732749,0.0829438493
2858.9314997504,0.0836711451
2859.8957262258,0.0844091550
2860.8599527013,0.0851559415
2861.8241791768,0.0859114081
2862.7884056522,0.0866764635
2863.7526321277,0.0874513537
2864.7168586032,0.0882342905
2865.6810850786,0.0890215039
2866.6453115541,0.0898092240
2867.6095380296,0.0905960724
2868.5737645050,0.0913845152
2869.5379909805,0.0921797380
2870.5022174559,0.0929868370
2871.4664439314,0.0938081294
2872.4306704069,0.0946420804
2873.3948968823,0.0954845771
2874.3591233578,0.0963313207
2875.3233498333,0.0971795321
2876.2875763087,0.0980284214
2877.2518027842,0.0988785625
2878.2160292597,0.0997308791
2879.1802557351,0.1005861536
2880.1444822106,0.1014446840
2881.1087086860,0.1023066491
2882.0729351615,0.1031721681
2883.0371616370,0.1040412858
2884.0013881124,0.1049141586
2884.9656145879,0.1057913676
2885.9298410634,0.1066740230
2886.8940675388,0.1075640544
2887.8582940143,0.1084637120
2888.8225204898,0.1093740016
2889.7867469652,0.1102939770
2890.7509734407,0.1112210229
2891.7151999162,0.1121525615
2892.6794263916,0.1130881235
2893.6436528671,0.1140291989
2894.6078793425,0.1149779186
2895.5721058180,0.1159348413
2896.5363322935,0.1168985441
2897.5005587689,0.1178670451
2898.4647852444,0.1188396439
2899.4290117199,0.1198180839
2900.3932381953,0.1208054647
2901.3574646708,0.1218042746
2902.3216911463,0.1228152812
2903.2859176217,0.1238376349
2904.2501440972,0.1248697788
2905.2143705726,0.1259098500
2906.1785970481,0.1269560009
2907.1428235236,0.1280062944
2908.1070499990,0.1290598810
2909.0712764745,0.1301177591
2910.0355029500,0.1311827600
2910.9997294254,0.1322587132
2911.9639559009,0.1333486438
2912.9281823764,0.1344539821
2913.8924088518,0.1355750412
2914.8566353273,0.1367112398
2915.8208618027,0.1378613412
2916.7850882782,0.1390234083
2917.7493147537,0.1401952058
2918.7135412291,0.1413756907
2919.6777677046,0.1425665468
2920.6419941801,0.1437724531
2921.6062206555,0.1449994147
2922.5704471310,0.1462522745
2923.5346736065,0.1475329846
2924.4989000819,0.1488402635
2925.4631265574,0.1501714587
2926.4273530329,0.1515247375
2927.3915795083,0.1529003829
2928.3558059838,0.1543002725
2929.3200324592,0.1557264775
2930.2842589347,0.1571792662
2931.2484854102,0.1586568952
2932.2127118856,0.1601557732
2933.1769383611,0.1616722792
2934.1411648366,0.1632035971
2935.1053913120,0.1647475511
2936.0696177875,0.1663014293
2937.0338442630,0.1678611487
2937.9980707384,0.1694215834
2938.9622972139,0.1709786057
2939.9265236893,0.1725304723
2940.8907501648,0.1740781367
2941.8549766403,0.1756238490
2942.8192031157,0.1771694273
2943.7834295912,0.1787149459
2944.7476560667,0.1802593619
2945.7118825421,0.1818015277
2946.6761090176,0.1833409071
2947.6403354931,0.1848776788
2948.6045619685,0.1864135414
2949.5687884440,0.1879522353
2950.5330149194,0.1894998252
2951.4972413949,0.1910630465
2952.4614678704,0.1926463991
2953.4256943458,0.1942502856
2954.3899208213,0.1958716065
2955.3541472968,0.1975065172
2956.3183737722,0.1991535276
2957.2826002477,0.2008145899
2958.2468267232,0.2024937421
2959.2110531986,0.2041943371
2960.1752796741,0.2059169859
2961.1395061496,0.2076595426
2962.1037326250,0.2094187438
2963.0679591005,0.2111922652
2964.0321855759,0.2129804641
2964.9964120514,0.2147860229
2965.9606385269,0.2166125476
2966.9248650023,0.2184622437
2967.8890914778,0.2203350663
2968.8533179533,0.2222292870
2969.8175444287,0.2241435796
2970.7817709042,0.2260775417
2971.7459973797,0.2280314267
2972.7102238551,0.2300038338
2973.6744503306,0.2319899946
2974.6386768060,0.2339826375
2975.6029032815,0.2359753996
2976.5671297570,0.2379664779
2977.5313562324,0.2399598360
2978.4955827079,0.2419625223
2979.4598091834,0.2439798564
2980.4240356588,0.2460126579
2981.3882621343,0.2480575889
2982.3524886098,0.2501112819
2983.3167150852,0.2521735430
2984.2809415607,0.2542487383
2985.2451680361,0.2563428283
2986.2093945116,0.2584597766
2987.1736209871,0.2605986297
2988.1378474625,0.2627547681
2989.1020739380,0.2649232149
2990.0663004135,0.2671018839
2991.0305268889,0.2692926526
2991.9947533644,0.2714994252
2992.9589798399,0.2737256289
2993.9232063153,0.2759727240
2994.8874327908,0.2782404125
2995.8516592663,0.2805276215
2996.8158857417,0.2828328609
2997.7801122172,0.2851548791
2998.7443386926,0.2874930203
2999.7085651681,0.2898482084
3000.6727916436,0.2922220230
3001.6370181190,0.2946151793
3002.6012445945,0.2970278263
3003.5654710700,0.2994601727
3004.5296975454,0.3019122183
3005.4939240209,0.3043839633
3006.4581504964,0.3068750501
3007.4223769718,0.3093847036
3008.3866034473,0.3119117320
3009.3508299227,0.3144546449
3010.3150563982,0.3170119524
3011.2792828737,0.3195826113
3012.2435093491,0.3221663833
3013.2077358246,0.3247635961
3014.1719623001,0.3273752928
3015.1361887755,0.3300025761
3016.1004152510,0.3326465189
3017.0646417265,0.3353075385
3018.0288682019,0.3379857242
3018.9930946774,0.3406806886
3019.9573211528,0.3433919549
3020.9215476283,0.3461193144
3021.8857741038,0.3488630652
3022.8500005792,0.3516239226
3023.8142270547,0.3544028103
3024.7784535302,0.3572006226
3025.7426800056,0.3600177765
3026.7069064811,0.3628541529
3027.6711329566,0.3657088876
3028.6353594320,0.3685809672
3029.5995859075,0.3714690506
3030.5638123829,0.3743721247
3031.5280388584,0.3772893846
3032.4922653339,0.3802204132
3033.4564918093,0.3831653297
3034.4207182848,0.3861248493
3035.3849447603,0.3891003132
3036.3491712357,0.3920934498
3037.3133977112,0.3951061070
3038.2776241867,0.3981399834
3039.2418506621,0.4011963904
3040.2060771376,0.4042761028
3041.1703036131,0.4073791802
3042.1345300885,0.4105050862
3043.0987565640,0.4136526585
3044.0629830394,0.4168207347
3045.0272095149,0.4200080633
3045.9914359904,0.4232140481
3046.9556624658,0.4264383912
3047.9198889413,0.4296813011
3048.8841154168,0.4329432249
3049.8483418922,0.4362244904
3050.8125683677,0.4395251274
3051.7767948432,0.4428453445
3052.7410213186,0.4461849928
3053.7052477941,0.4495442510
3054.6694742695,0.4529233575
3055.6337007450,0.4563227594
3056.5979272205,0.4597429037
3057.5621536959,0.4631838799
3058.5263801714,0.4666456580
3059.4906066469,0.4701273739
3060.4548331223,0.4736279845
3061.4190595978,0.4771462977
3062.3832860733,0.4806812704
3063.3475125487,0.4842323959
3064.3117390242,0.4877994955
3065.2759654996,0.4913824201
3066.2401919751,0.4949811399
3067.2044184506,0.4985954463
3068.1686449260,0.5022251606
3069.1328714015,0.5058703423
3070.0970978770,0.5095313191
3071.0613243524,0.5132088661
3072.0255508279,0.5169040561
3072.9897773034,0.5206178427
3073.9540037788,0.5243511796
3074.9182302543,0.5281046629
3075.8824567298,0.5318785310
3076.8466832052,0.5356727242
3077.8109096807,0.5394866467
3078.7751361561,0.5433194637
3079.7393626316,0.5471698642
3080.7035891071,0.5510364175
3081.6678155825,0.5549175739
3082.6320420580,0.5588122606
3083.5962685335,0.5627200007
3084.5604950089,0.5666407347
3085.5247214844,0.5705750585
3086.4889479599,0.5745240450
3087.4531744353,0.5784887671
3088.4174009108,0.5824707747
3089.3816273862,0.5864713192
3090.3458538617,0.5904913545
3091.3100803372,0.5945315361
3092.2743068126,0.5985917449
3093.2385332881,0.6026718616
3094.2027597636,0.6067714691
3095.1669862390,0.6108901501
3096.1312127145,0.6150271297
3097.0954391900,0.6191823483
3098.0596656654,0.6233552694
3099.0238921409,0.6275458932
3099.9881186163,0.6317539215
3100.9523450918,0.6359791160
3101.9165715673,0.6402204037
3102.8807980427,0.6444764137
3103.8450245182,0.6487450004
3104.8092509937,0.6530239582
3105.7734774691,0.6573108435
3106.7377039446,0.6616041660
3107.7019304201,0.6659028530
3108.6661568955,0.6702073812
3109.6303833710,0.6745189428
3110.5946098465,0.6788399816
3111.5588363219,0.6831729412
3112.5230627974,0.6875197291
3113.4872892728,0.6918814778
3114.4515157483,0.6962575912
3115.4157422238,0.7006464005
3116.3799686992,0.7050457001
3117.3441951747,0.7094535828
3118.3084216502,0.7138689160
3119.2726481256,0.7182914019
3120.2368746011,0.7227214575
3121.2011010766,0.7271595001
3122.1653275520,0.7316056490
3123.1295540275,0.7360594273
3124.0937805029,0.7405201793
3125.0580069784,0.7449868917
3126.0222334539,0.7494589090
3126.9864599293,0.7539356351
3127.9506864048,0.7584166527
3128.9149128803,0.7629013062
3129.8791393557,0.7673884630
3130.8433658312,0.7718767524
3131.8075923067,0.7763637900
3132.7718187821,0.7808476090
3133.7360452576,0.7853262424
3134.7002717330,0.7897986174
3135.6644982085,0.7942646146
3136.6287246840,0.7987245917
3137.5929511594,0.8031794429
3138.5571776349,0.8076304197
3139.5214041104,0.8120793104
3140.4856305858,0.8165281415
3141.4498570613,0.8209795952
3142.4140835368,0.8254361749
3143.3783100122,0.8298995495
3144.3425364877,0.8343703151
3145.3067629632,0.8388469815
3146.2709894386,0.8433267474
3147.2352159141,0.8478049636
3148.1994423895,0.8522764444
3149.1636688650,0.8567352891
3150.1278953405,0.8611761332
3151.0921218159,0.8655940294
3152.0563482914,0.8699862957
3153.0205747669,0.8743520975
3153.9848012423,0.8786932230
3154.9490277178,0.8830130696
3155.9132541933,0.8873155117
3156.8774806687,0.8916038871
3157.8417071442,0.8958801627
3158.8059336196,0.9001445770
3159.7701600951,0.9043967128
3160.7343865706,0.9086348414
3161.6986130460,0.9128577113
3162.6628395215,0.9170643687
3163.6270659970,0.9212540984
3164.5912924724,0.9254262447
3165.5555189479,0.9295794368
3166.5197454234,0.9337109327
3167.4839718988,0.9378176928
3168.4481983743,0.9418963790
3169.4124248497,0.9459451437
3170.3766513252,0.9499635696
3171.3408778007,0.9539524913
3172.3051042761,0.9579136968
3173.2693307516,0.9618487358
3174.2335572271,0.9657588601
3175.1977837025,0.9696449637
3176.1620101780,0.9735077620
3177.1262366535,0.9773476124
3178.0904631289,0.9811653495
3179.0546896044,0.9849615097
3180.0189160799,0.9887359142
3180.9831425553,0.9924864769
3181.9473690308,0.9962096810
3182.9115955062,0.9999004006
3183.8758219817,1.0035527945
3184.8400484572,1.0071623325
3185.8042749326,1.0107259750
3186.7685014081,1.0142434835
3187.7327278836,1.0177158117
3188.6969543590,1.0211454630
3189.6611808345,1.0245347023
3190.6254073100,1.0278871059
3191.5896337854,1.0312062502
3192.5538602609,1.0344976187
3193.5180867363,1.0377670527
3194.4823132118,1.0410190821
3195.4465396873,1.0442559719
3196.4107661627,1.0474750996
3197.3749926382,1.0506705046
3198.3392191137,1.0538325310
3199.3034455891,1.0569508076
3200.2676720646,1.0600150824
3201.2318985401,1.0630174875
3202.1961250155,1.0659539700
3203.1603514910,1.0688235760
3204.1245779664,1.0716290474
3205.0888044419,1.0743757486
3206.0530309174,1.0770691633
3207.0172573928,1.0797156096
3207.9814838683,1.0823204517
3208.9457103438,1.0848883390
3209.9099368192,1.0874223709
3210.8741632947,1.0899243355
3211.8383897702,1.0923936367
3212.8026162456,1.0948280096
3213.7668427211,1.0972235203
3214.7310691965,1.0995759964
3215.6952956720,1.1018809080
3216.6595221475,1.1041342020
3217.6237486229,1.1063328981
3218.5879750984,1.1084759235
3219.5522015739,1.1105643511
3220.5164280493,1.1126023531
3221.4806545248,1.1145957708
3222.4448810003,1.1165516376
3223.4091074757,1.1184749603
3224.3733339512,1.1203689575
3225.3375604267,1.1222338676
3226.3017869021,1.1240689754
3227.2660133776,1.1258729696
3228.2302398530,1.1276441813
3229.1944663285,1.1293816566
3230.1586928040,1.1310824156
3231.1229192794,1.1327420473
3232.0871457549,1.1343542337
3233.0513722304,1.1359120607
3234.0155987058,1.1374104023
3234.9798251813,1.1388466358
3235.9440516568,1.1402231455
3236.9082781322,1.1415450573
3237.8725046077,1.1428201199
3238.8367310831,1.1440557241
3239.8009575586,1.1452584267
3240.7651840341,1.1464335918
3241.7294105095,1.1475841999
3242.6936369850,1.1487118006
3243.6578634605,1.1498168707
3244.6220899359,1.1508995295
3245.5863164114,1.1519600153
3246.5505428869,1.1529979706
3247.5147693623,1.1540129185
3248.4789958378,1.1550035477
3249.4432223132,1.1559686661
3250.4074487887,1.1569075584
3251.3716752642,1.1578208208
3252.3359017396,1.1587083340
3253.3001282151,1.1595699787
3254.2643546906,1.1604034901
3255.2285811660,1.1612056494
3256.1928076415,1.1619724035
3257.1570341170,1.1627004147
3258.1212605924,1.1633887291
3259.0854870679,1.1640391350
3260.0497135434,1.1646568775
3261.0139400188,1.1652507782
3261.9781664943,1.1658310890
3262.9423929697,1.1664081812
3263.9066194452,1.1669894457
3264.8708459207,1.1675794125
3265.8350723961,1.1681779623
3266.7992988716,1.1687808037
3267.7635253471,1.1693803072
3268.7277518225,1.1699669361
3269.6919782980,1.1705307961
3270.6562047735,1.1710643768
3271.6204312489,1.1715641022
3272.5846577244,1.1720322371
3273.5488841998,1.1724755764
3274.5131106753,1.1729048491
3275.4773371508,1.1733305454
3276.4415636262,1.1737594604
3277.4057901017,1.1741918325
3278.3700165772,1.1746212244
3279.3342430526,1.1750353575
3280.2984695281,1.1754212379
3281.2626960036,1.1757693291
3282.2269224790,1.1760768890
3283.1911489545,1.1763498783
3284.1553754299,1.1766014099
3285.1196019054,1.1768472195
3286.0838283809,1.1771017313
3287.0480548563,1.1773757935
3288.0122813318,1.1776760817
3288.9765078073,1.1780050993
3289.9407342827,1.1783621311
3290.9049607582,1.1787437201
3291.8691872337,1.1791433096
3292.8334137091,1.1795518398
3293.7976401846,1.1799589396
3294.7618666601,1.1803567410
3295.7260931355,1.1807405949
3296.6903196110,1.1811106205
3297.6545460864,1.1814699173
3298.6187725619,1.1818225384
3299.5829990374,1.1821719408
3300.5472255128,1.1825190783
3301.5114519883,1.1828633547
3302.4756784638,1.1832032204
3303.4399049392,1.1835373640
3304.4041314147,1.1838649511
3305.3683578902,1.1841861010
3306.3325843656,1.1845014095
3307.2968108411,1.1848121881
3308.2610373165,1.1851199865
3309.2252637920,1.1854269505
3310.1894902675,1.1857355833
3311.1537167429,1.1860476732
3312.1179432184,1.1863652468
3313.0821696939,1.1866904497
3314.0463961693,1.1870251894
3315.0106226448,1.1873708963
3315.9748491203,1.1877274513
3316.9390755957,1.1880919933
3317.9033020712,1.1884591579
3318.8675285466,1.1888214350
3319.8317550221,1.1891698837
3320.7959814976,1.1894958019
3321.7602079730,1.1897921562
3322.7244344485,1.1900547743
3323.6886609240,1.1902830601
3324.6528873994,1.1904808283
3325.6171138749,1.1906552315
3326.5813403504,1.1908156872
3327.5455668258,1.1909725666
3328.5097933013,1.1911348104
3329.4740197768,1.1913092136
3330.4382462522,1.1914992332
3331.4024727277,1.1917052269
3332.3666992031,1.1919240952
3333.3309256786,1.1921507120
3334.2951521541,1.1923782825
3335.2593786295,1.1925988197
3336.2236051050,1.1928043365
3337.1878315805,1.1929880381
3338.1520580559,1.1931451559
3339.1162845314,1.1932734251
3340.0805110069,1.1933711767
3341.0447374823,1.1934363842
3342.0089639578,1.1934669018
3342.9731904332,1.1934610605
3343.9374169087,1.1934205294
3344.9016433842,1.1933507919
3345.8658698596,1.1932597160
3346.8300963351,1.1931554079
3347.7943228106,1.1930422783
3348.7585492860,1.1929197311
3349.7227757615,1.1927821636
3350.6870022370,1.1926201582
3351.6512287124,1.1924237013
3352.6154551879,1.1921836138
3353.5796816633,1.1918941736
3354.5439081388,1.1915532351
3355.5081346143,1.1911643744
3356.4723610897,1.1907351017
3357.4365875652,1.1902763844
3358.4008140407,1.1898003817
3359.3650405161,1.1893177032
3360.3292669916,1.1888363361
3361.2934934671,1.1883602142
3362.2577199425,1.1878893375
3363.2219464180,1.1874198914
3364.1861728935,1.1869443655
3365.1503993689,1.1864523888
3366.1146258444,1.1859320402
3367.0788523198,1.1853705645
3368.0430787953,1.1847569942
3369.0073052708,1.1840827465
3369.9715317462,1.1833434105
3370.9357582217,1.1825382710
3371.8999846972,1.1816704273
3372.8642111726,1.1807457209
3373.8284376481,1.1797709465
3374.7926641236,1.1787515879
3375.7568905990,1.1776913404
3376.7211170745,1.1765912771
3377.6853435499,1.1754517555
3378.6495700254,1.1742744446
3379.6137965009,1.1730630398
3380.5780229763,1.1718240976
3381.5422494518,1.1705653667
3382.5064759273,1.1692935228
3383.4707024027,1.1680121422
3384.4349288782,1.1667197943
3385.3991553537,1.1654096842
3386.3633818291,1.1640701294
3387.3276083046,1.1626877785
3388.2918347800,1.1612496376
3389.2560612555,1.1597462893
3390.2202877310,1.1581739187
3391.1845142064,1.1565340757
3392.1487406819,1.1548343897
3393.1129671574,1.1530866623
3394.0771936328,1.1513040066
3395.0414201083,1.1494971514
3396.0056465838,1.1476715803
3396.9698730592,1.1458258629
3397.9340995347,1.1439530849
3398.8983260102,1.1420425177
3399.8625524856,1.1400837898
3400.8267789611,1.1380681992
3401.7910054365,1.1359908581
3402.7552319120,1.1338509321
3403.7194583875,1.1316522360
3404.6836848629,1.1294016838
3405.6479113384,1.1271090508
3406.6121378139,1.1247854233
3407.5763642893,1.1224404573
3408.5405907648,1.1200821400
3409.5048172403,1.1177146435
3410.4690437157,1.1153385639
3411.4332701912,1.1129506826
3412.3974966666,1.1105450392
3413.3617231421,1.1081149578
3414.3259496176,1.1056532860
3415.2901760930,1.1031552553
3416.2544025685,1.1006176472
3417.2186290440,1.0980386734
3418.1828555194,1.0954174995
3419.1470819949,1.0927538872
3420.1113084704,1.0900478363
3421.0755349458,1.0873016119
3422.0397614213,1.0845191479
3423.0039878967,1.0817074776
3423.9682143722,1.0788741112
3424.9324408477,1.0760256052
3425.8966673231,1.0731645823
3426.8608937986,1.0702899694
3427.8251202741,1.0673967600
3428.7893467495,1.0644781590
3429.7535732250,1.0615273714
3430.7177997005,1.0585403442
3431.6820261759,1.0555152893
3432.6462526514,1.0524547100
3433.6104791268,1.0493640900
3434.5747056023,1.0462514162
3435.5389320778,1.0431257486
3436.5031585532,1.0399950743
3437.4673850287,1.0368659496
3438.4316115042,1.0337417126
3439.3958379796,1.0306224823
3440.3600644551,1.0275059938
3441.3242909306,1.0243880749
3442.2885174060,1.0212646723
3443.2527438815,1.0181311369
3444.2169703570,1.0149828196
3445.1811968324,1.0118154287
3446.1454233079,1.0086249113
3447.1096497833,1.0054098368
3448.0738762588,1.0021715164
3449.0381027343,0.9989141226
3450.0023292097,0.9956437945
3450.9665556852,0.9923660159
3451.9307821607,0.9890840054
3452.8950086361,0.9857979417
3453.8592351116,0.9825056195
3454.8234615871,0.9792040586
3455.7876880625,0.9758903384
3456.7519145380,0.9725630283
3457.7161410134,0.9692214131
3458.6803674889,0.9658648968
3459.6445939644,0.9624921679
3460.6088204398,0.9591014385
3461.5730469153,0.9556902647
3462.5372733908,0.9522573948
3463.5014998662,0.9488027096
3464.4657263417,0.9453282952
3465.4299528172,0.9418373704
3466.3941792926,0.9383336306
3467.3584057681,0.9348204732
3468.3226322435,0.9313005209
3469.2868587190,0.9277750254
3470.2510851945,0.9242442846
3471.2153116699,0.9207074642
3472.1795381454,0.9171626568
3473.1437646209,0.9136070609
3474.1079910963,0.9100373983
3475.0722175718,0.9064497948
3476.0364440473,0.9028421044
3477.0006705227,0.8992138505
3477.9648969982,0.8955665827
3478.9291234737,0.8919032216
3479.8933499491,0.8882266879
3480.8575764246,0.8845382333
3481.8218029000,0.8808376789
3482.7860293755,0.8771231174
3483.7502558510,0.8733922839
3484.7144823264,0.8696434498
3485.6787088019,0.8658766747
3486.6429352774,0.8620947599
3487.6071617528,0.8583030701
3488.5713882283,0.8545088768
3489.5356147038,0.8507194519
3490.4998411792,0.8469402194
3491.4640676547,0.8431731462
3492.4282941301,0.8394165039
3493.3925206056,0.8356654048
3494.3567470811,0.8319133520
3495.3209735565,0.8281536698
3496.2852000320,0.8243814707
3497.2494265075,0.8205942512
3498.2136529829,0.8167924285
3499.1778794584,0.8129786849
3500.1421059339,0.8091573119
3501.1063324093,0.8053334951
3502.0705588848,0.8015118241
3503.0347853602,0.7976952791
3503.9990118357,0.7938848138
3504.9632383112,0.7900788188
3505.9274647866,0.7862742543
3506.8916912621,0.7824673057
3507.8559177376,0.7786544561
3508.8201442130,0.7748335600
3509.7843706885,0.7710038424
3510.7485971640,0.7671656013
3511.7128236394,0.7633198500
3512.6770501149,0.7594676018
3513.6412765904,0.7556095719
3514.6055030658,0.7517459989
3515.5697295413,0.7478772402
3516.5339560167,0.7440038919
3517.4981824922,0.7401270270
3518.4624089677,0.7362483144
3519.4266354431,0.7323694229
3520.3908619186,0.7284923792
3521.3550883941,0.7246187925
3522.3193148695,0.7207504511
3523.2835413450,0.7168881893
3524.2477678205,0.7130319476
3525.2119942959,0.7091805339
3526.1762207714,0.7053317428
3527.1404472468,0.7014827728
3528.1046737223,0.6976311803
3529.0689001978,0.6937756538
3530.0331266732,0.6899163723
3530.9973531487,0.6860545278
3531.9615796242,0.6821923256
3532.9258060996,0.6783316135
3533.8900325751,0.6744737625
3534.8542590506,0.6706191301
3535.8184855260,0.6667677164
3536.7827120015,0.6629192233
3537.7469384769,0.6590732932
3538.7111649524,0.6552299261
3539.6753914279,0.6513892412
3540.6396179033,0.6475517750
3541.6038443788,0.6437182426
3542.5680708543,0.6398891211
3543.5322973297,0.6360639930
3544.4965238052,0.6322417259
3545.4607502807,0.6284207106
3546.4249767561,0.6245998144
3547.3892032316,0.6207793951
3548.3534297071,0.6169614792
3549.3176561825,0.6131495237
3550.2818826580,0.6093467474
3551.2461091334,0.6055551767
3552.2103356089,0.6017750502
3553.1745620844,0.5980044603
3554.1387885598,0.5942401886
3555.1030150353,0.5904788971
3556.0672415108,0.5867173672
3557.0314679862,0.5829539299
3557.9956944617,0.5791884065
3558.9599209372,0.5754225850
3559.9241474126,0.5716596842
3560.8883738881,0.5679043531
3561.8526003635,0.5641606450
3562.8168268390,0.5604315996
3563.7810533145,0.5567183495
3564.7452797899,0.5530193448
3565.7095062654,0.5493313670
3566.6737327409,0.5456500649
3567.6379592163,0.5419715643
3568.6021856918,0.5382933021
3569.5664121673,0.5346145630
3570.5306386427,0.5309360027
3571.4948651182,0.5272590518
3572.4590915936,0.5235864520
3573.4233180691,0.5199211240
3574.3875445446,0.5162669420
3575.3517710200,0.5126277804
3576.3159974955,0.5090068579
3577.2802239710,0.5054062009
3578.2444504464,0.5018255711
3579.2086769219,0.4982629716
3580.1729033974,0.4947146773
3581.1371298728,0.4911767244
3582.1013563483,0.4876454175
3583.0655828238,0.4841180146
3584.0298092992,0.4805932343
3584.9940357747,0.4770710766
3585.9582622501,0.4735528529
3586.9224887256,0.4700403512
3587.8867152011,0.4665358365
3588.8509416765,0.4630414248
3589.8151681520,0.4595587254
3590.7793946275,0.4560883045
3591.7436211029,0.4526294470
3592.7078475784,0.4491806626
3593.6720740539,0.4457402229
3594.6363005293,0.4423069656
3595.6005270048,0.4388805926
3596.5647534802,0.4354615211
3597.5289799557,0.4320501685
3598.4932064312,0.4286462367
3599.4574329066,0.4252482951
3600.4216593821,0.4218542278
3601.3858858576,0.4184614420
3602.3501123330,0.4150680006
3603.3143388085,0.4116729200
3604.2785652840,0.4082764089
3605.2427917594,0.4048797190
3606.2070182349,0.4014842212
3607.1712447103,0.3980911076
3608.1354711858,0.3947006762
3609.0996976613,0.3913125098
3610.0639241367,0.3879257739
3611.0281506122,0.3845393658
3611.9923770877,0.3811518550
3612.9566035631,0.3777615428
3613.9208300386,0.3743662834
3614.8850565141,0.3709639907
3615.8492829895,0.3675525188
3616.8135094650,0.3641296625
3617.7777359404,0.3606927395
3618.7419624159,0.3572391868
3619.7061888914,0.3537665606
3620.6704153668,0.3502737284
3621.6346418423,0.3467607796
3622.5988683178,0.3432290852
3623.5630947932,0.3396805227
3624.5273212687,0.3361166716
3625.4915477442,0.3325376511
3626.4557742196,0.3289417624
3627.4200006951,0.3253250122
3628.3842271706,0.3216824830
3629.3484536460,0.3180101216
3630.3126801215,0.3143061399
3631.2769065969,0.3105713427
3632.2411330724,0.3068076372
3633.2053595479,0.3030165732
3634.1695860233,0.2991981208
3635.1338124988,0.2953509986
3636.0980389743,0.2914730012
3637.0622654497,0.2875624895
3638.0264919252,0.2836183012
3638.9907184007,0.2796406746
3639.9549448761,0.2756309807
3640.9191713516,0.2715919614
3641.8833978270,0.2675267160
3642.8476243025,0.2634381354
3643.8118507780,0.2593280375
3644.7760772534,0.2551965415
3645.7403037289,0.2510415912
3646.7045302044,0.2468595803
3647.6687566798,0.2426461279
3648.6329831553,0.2383975536
3649.5972096308,0.2341118008
3650.5614361062,0.2297897488
3651.5256625817,0.2254353762
3652.4898890571,0.2210547626
3653.4541155326,0.2166548371
3654.4183420081,0.2122417241
3655.3825684835,0.2078198791
3656.3467949590,0.2033924758
3657.3110214345,0.1989623606
3658.2752479099,0.1945330501
3659.2394743854,0.1901088506
3660.2037008609,0.1856945604
3661.1679273363,0.1812951267
3662.1321538118,0.1769155562
3663.0963802873,0.1725608557
3664.0606067627,0.1682362854
3665.0248332382,0.1639471799
3665.9890597136,0.1596986949
3666.9532861891,0.1554956436
3667.9175126646,0.1513415277
3668.8817391400,0.1472387314
3669.8459656155,0.1431891173
3670.8101920910,0.1391947418
3671.7744185664,0.1352588087
3672.7386450419,0.1313851476
3673.7028715174,0.1275769174
3674.6670979928,0.1238354966
3675.6313244683,0.1201612651
3676.5955509437,0.1165553927
3677.5597774192,0.1130211577
3678.5240038947,0.1095641479
3679.4882303701,0.1061905026
3680.4524568456,0.1029055864
3681.4166833211,0.0997133628
3682.3809097965,0.0966163650
3683.3451362720,0.0936159194
3684.3093627475,0.0907120779
3685.2735892229,0.0879033208
3686.2378156984,0.0851864964
3687.2020421738,0.0825567693
3688.1662686493,0.0800085068
3689.1304951248,0.0775370002
3690.0947216002,0.0751394257
3691.0589480757,0.0728150904
3692.0231745512,0.0705646798
3692.9874010266,0.0683893114
3693.9516275021,0.0662897900
3694.9158539776,0.0642661899
3695.8800804530,0.0623176172
3696.8443069285,0.0604421273
3697.8085334040,0.0586369112
3698.7727598794,0.0568987466
3699.7369863549,0.0552243292
3700.7012128303,0.0536107533
3701.6654393058,0.0520558804
3702.6296657813,0.0505588986
3703.5938922567,0.0491200164
3704.5581187322,0.0477399379
3705.5223452077,0.0464191064
3706.4865716831,0.0451566167
3707.4507981586,0.0439501144
3708.4150246341,0.0427955724
3709.3792511095,0.0416879691
3710.3434775850,0.0406218953
3711.3077040604,0.0395922326
3712.2719305359,0.0385951065
3713.2361570114,0.0376286916
3714.2003834868,0.0366932340
3715.1646099623,0.0357904844
3716.1288364378,0.0349224545
3717.0930629132,0.0340905152
3718.0572893887,0.0332949571
3719.0215158642,0.0325351134
3719.9857423396,0.0318095759
3720.9499688151,0.0311164465
3721.9141952905,0.0304533802
3722.8784217660,0.0298179425
3723.8426482415,0.0292075463
3724.8068747169,0.0286197681
3725.7711011924,0.0280524977
3726.7353276679,0.0275043901
3727.6995541433,0.0269751530
3728.6637806188,0.0264651570
3729.6280070943,0.0259747226
3730.5922335697,0.0255030133
3731.5564600452,0.0250476915
3732.5206865207,0.0246054772
3733.4849129961,0.0241731815
3734.4491394716,0.0237482339
3735.4133659470,0.0233290531
3736.3775924225,0.0229155719
3737.3418188980,0.0225095991
3738.3060453734,0.0221150648
3739.2702718489,0.0217371359
3740.2344983244,0.0213803630
3741.1987247998,0.0210470874
3742.1629512753,0.0207359493
3743.1271777508,0.0204417240
3744.0914042262,0.0201569963
3745.0556307017,0.0198756531
3746.0198571771,0.0195955206
3746.9840836526,0.0193182752
3747.9483101281,0.0190469418
3748.9125366035,0.0187829677
3749.8767630790,0.0185248796
3750.8409895545,0.0182695631
3751.8052160299,0.0180140473
3752.7694425054,0.0177570898
3753.7336689809,0.0175000429
3754.6978954563,0.0172462445
3755.6621219318,0.0169995390
3756.6263484072,0.0167626869
3757.5905748827,0.0165361557
3758.5548013582,0.0163184498
3759.5190278336,0.0161068179
3760.4832543091,0.0158986971
3761.4474807846,0.0156926103
3762.4117072600,0.0154886059
3763.3759337355,0.0152878342
3764.3401602110,0.0150918718
3765.3043866864,0.0149020264
3766.2686131619,0.0147189852
3767.2328396374,0.0145426588
3768.1970661128,0.0143718356
3769.1612925883,0.0142043428
3770.1255190637,0.0140377702
3771.0897455392,0.0138703790
3772.0539720147,0.0137020377
3773.0181984901,0.0135340821
3773.9824249656,0.0133685665
3774.9466514411,0.0132073844
3775.9108779165,0.0130517036
3776.8751043920,0.0129015185
3777.8393308675,0.0127557842
3778.8035573429,0.0126125505
3779.7677838184,0.0124697359
3780.7320102938,0.0123258512
3781.6962367693,0.0121804960
3782.6604632448,0.0120340977
3783.6246897202,0.0118877226
3784.5889161957,0.0117425406
3785.5531426712,0.0115998266
3786.5173691466,0.0114608798
3787.4815956221,0.0113267871
3788.4458220976,0.0111981547
3789.4100485730,0.0110749239
3790.3742750485,0.0109562678
3791.3385015239,0.0108410409
3792.3027279994,0.0107281534
3793.2669544749,0.0106169395
3794.2311809503,0.0105072660
3795.1954074258,0.0103995558
3796.1596339013,0.0102946814
3797.1238603767,0.0101939403
3798.0880868522,0.0100985216
3799.0523133277,0.0100087132
3800.0165398031,0.0099227102
3800.9807662786,0.0098368572
3801.9449927540,0.0097471559
3802.9092192295,0.0096510407
3803.8734457050,0.0095479349
3804.8376721804,0.0094382931
3805.8018986559,0.0093225166
3806.7661251314,0.0092009008
3807.7303516068,0.0090746935
3808.6945780823,0.0089470958
3809.6588045578,0.0088229431
3810.6230310332,0.0087075951
3811.5872575087,0.0086051878
3812.5514839842,0.0085175093
3813.5157104596,0.0084434673
3814.4799369351,0.0083791493
3815.4441634105,0.0083189579
3816.4083898860,0.0082575334
3817.3726163615,0.0081920568
3818.3368428369,0.0081224479
3819.3010693124,0.0080500031
3820.2652957879,0.0079753026
3821.2295222633,0.0078976890
3822.1937487388,0.0078161350
3823.1579752143,0.0077307499
3824.1222016897,0.0076430631
3825.0864281652,0.0075552361
3826.0506546406,0.0074689011
3827.0148811161,0.0073850062
3827.9791075916,0.0073039965
3828.9433340670,0.0072265025
3829.9075605425,0.0071532857
3830.8717870180,0.0070852907
3831.8360134934,0.0070235943
3832.8002399689,0.0069692978
3833.7644664444,0.0069230301
3834.7286929198,0.0068843421
3835.6929193953,0.0068509951
3836.6571458707,0.0068188873
3837.6213723462,0.0067829164
3838.5855988217,0.0067389561
3839.5498252971,0.0066852472
3840.5140517726,0.0066226609
3841.4782782481,0.0065538031
3842.4425047235,0.0064815930
3843.4067311990,0.0064088693
3844.3709576745,0.0063383379
3845.3351841499,0.0062727816
3846.2994106254,0.0062150601
3847.2636371009,0.0061676917
3848.2278635763,0.0061325622
3849.1920900518,0.0061102468
3850.1563165272,0.0060993517
3851.1205430027,0.0060958867
3852.0847694782,0.0060934192
3853.0489959536,0.0060843360
3854.0132224291,0.0060621542
3854.9774489046,0.0060241460
3855.9416753800,0.0059723631
3856.9059018555,0.0059125037
3857.8701283310,0.0058509731
3858.8343548064,0.0057924422
3859.7985812819,0.0057390863
3860.7628077573,0.0056910352
3861.7270342328,0.0056470539
3862.6912607083,0.0056054113
3863.6554871837,0.0055642966
3864.6197136592,0.0055223731
3865.5839401347,0.0054794578
3866.5481666101,0.0054366253
3867.5123930856,0.0053955531
3868.4766195611,0.0053574196
3869.4408460365,0.0053221462
3870.4050725120,0.0052889977
3871.3692989874,0.0052574766
3872.3335254629,0.0052279225
3873.2977519384,0.0052010952
3874.2619784138,0.0051773344
3875.2262048893,0.0051564826
3876.1904313648,0.0051381462
3877.1546578402,0.0051217228
3878.1188843157,0.0051065050
3879.0831107912,0.0050916807
3880.0473372666,0.0050764899
3881.0115637421,0.0050608022
3881.9757902176,0.0050453246
3882.9400166930,0.0050308164
3883.9042431685,0.0050173826
3884.8684696439,0.0050039487
3885.8326961194,0.0049890229
3886.7969225949,0.0049719508
3887.7611490703,0.0049535697
3888.7253755458,0.0049358183
3889.6896020213,0.0049203187
3890.6538284967,0.0049073594
3891.6180549722,0.0048960759
3892.5822814477,0.0048854472
3893.5465079231,0.0048749759
3894.5107343986,0.0048651854
3895.4749608740,0.0048571490
3896.4391873495,0.0048521492
3897.4034138250,0.0048511019
3898.3676403004,0.0048544789
3899.3318667759,0.0048619919
3900.2960932514,0.0048726462
3901.2603197268,0.0048848190
3902.2245462023,0.0048963116
3903.1887726778,0.0049046893
3904.1529991532,0.0049078306
3905.1172256287,0.0049045845
3906.0814521041,0.0048953169
3907.0456785796,0.0048816511
3908.0099050551,0.0048659705
3908.9741315305,0.0048505785
3909.9383580060,0.0048371763
3910.9025844815,0.0048264442
3911.8668109569,0.0048181466
3912.8310374324,0.0048115510
3913.7952639079,0.0048056878
3914.7594903833,0.0047996677
3915.7237168588,0.0047929934
3916.6879433343,0.0047854818
3917.6521698097,0.0047774469
3918.6163962852,0.0047695432
3919.5806227606,0.0047626859
3920.5448492361,0.0047574779
3921.5090757116,0.0047542588
3922.4733021870,0.0047527147
3923.4375286625,0.0047522699
3924.4017551380,0.0047521912
3925.3659816134,0.0047520869
3926.3302080889,0.0047519822
3927.2944345644,0.0047522439
3928.2586610398,0.0047531337
3929.2228875153,0.0047545205
3930.1871139907,0.0047556199
3931.1513404662,0.0047552274
3932.1155669417,0.0047522178
3933.0797934171,0.0047459365
3934.0440198926,0.0047367509
3935.0082463681,0.0047257338
3935.9724728435,0.0047143502
3936.9366993190,0.0047037522
3937.9009257945,0.0046945931
3938.8651522699,0.0046869786
3939.8293787454,0.0046806987
3940.7936052208,0.0046752561
3941.7578316963,0.0046701278
3942.7220581718,0.0046647638
3943.6862846472,0.0046586934
3944.6505111227,0.0046515502
3945.6147375982,0.0046432298
3946.5789640736,0.0046336800
3947.5431905491,0.0046232147
3948.5074170246,0.0046122787
3949.4716435000,0.0046014739
3950.4358699755,0.0045914277
3951.4000964510,0.0045824023
3952.3643229264,0.0045743710
3953.3285494019,0.0045667849
3954.2927758773,0.0045589893
3955.2570023528,0.0045502260
3956.2212288283,0.0045398674
3957.1854553037,0.0045278086
3958.1496817792,0.0045143641
3959.1139082547,0.0045002140
3960.0781347301,0.0044861161
3961.0423612056,0.0044725682
3962.0065876811,0.0044597532
3962.9708141565,0.0044475659
3963.9350406320,0.0044358498
3964.8992671074,0.0044245524
3965.8634935829,0.0044136210
3966.8277200584,0.0044029783
3967.7919465338,0.0043922048
3968.7561730093,0.0043805684
3969.7203994848,0.0043670759
3970.6846259602,0.0043506036
3971.6488524357,0.0043303664
3972.6130789112,0.0043061040
3973.5773053866,0.0042782356
3974.5415318621,0.0042478857
3975.5057583375,0.0042165443
3976.4699848130,0.0041857543
3977.4342112885,0.0041565085
3978.3984377639,0.0041292245
3979.3626642394,0.0041037193
3980.3268907149,0.0040794173
3981.2911171903,0.0040556393
3982.2553436658,0.0040318365
3983.2195701413,0.0040075909
3984.1837966167,0.0039826417
3985.1480230922,0.0039569098
3986.1122495676,0.0039305524
3987.0764760431,0.0039039096
3988.0407025186,0.0038774773
3989.0049289940,0.0038517779
3989.9691554695,0.0038270722
3990.9333819450,0.0038035954
3991.8976084204,0.0037811904
3992.8618348959,0.0037596482
3993.8260613714,0.0037386033
3994.7902878468,0.0037176898
3995.7545143223,0.0036967252
3996.7187407978,0.0036757095
3997.6829672732,0.0036546686
3998.6471937487,0.0036336286
