999.9028550560,-0.0996148512
1000.8672688891,-0.0925203264
1001.8316827223,-0.0849047303
1002.7960965554,-0.0765931681
1003.7605103885,-0.0678662136
1004.7249242216,-0.0591902696
1005.6893380547,-0.0509042144
1006.6537518879,-0.0431137197
1007.6181657210,-0.0359281003
1008.5825795541,-0.0295259021
1009.5469933872,-0.0240310170
1010.5114072203,-0.0193049777
1011.4758210535,-0.0148084993
1012.4402348866,-0.0098638302
1013.4046487197,-0.0040555755
1014.3690625528,0.0025105944
1015.3334763859,0.0094630094
1016.2978902190,0.0163935628
1017.2623040522,0.0230216775
1018.2267178853,0.0290886424
1019.1911317184,0.0340952575
1020.1555455515,0.0372763164
1021.1199593846,0.0377791636
1022.0843732178,0.0350973085
1023.0487870509,0.0292489715
1024.0132008840,0.0208754651
1024.9776147171,0.0110371411
1025.9420285502,0.0008781615
1026.9064423834,-0.0085957795
1027.8708562165,-0.0167287942
1028.8352700496,-0.0232111551
1029.7996838827,-0.0279918518
1030.7640977158,-0.0311109647
1031.7285115489,-0.0326486602
1032.6929253821,-0.0328235626
1033.6573392152,-0.0321713164
1034.6217530483,-0.0316065252
1035.5861668814,-0.0323207155
1036.5505807145,-0.0353232250
1037.5149945477,-0.0411934257
1038.4794083808,-0.0497236177
1039.4438222139,-0.0600101314
1040.4082360470,-0.0707229674
1041.3726498801,-0.0806851834
1042.3370637132,-0.0894084945
1043.3014775464,-0.0971625522
1044.2658913795,-0.1046834067
1045.2303052126,-0.1126378700
1046.1947190457,-0.1213356778
1047.1591328788,-0.1308715641
1048.1235467120,-0.1413584948
1049.0879605451,-0.1529239863
1050.0523743782,-0.1654550880
1051.0167882113,-0.1784016043
1051.9812020444,-0.1910128742
1052.9456158776,-0.2028771639
1053.9100297107,-0.2142859697
1054.8744435438,-0.2260737419
1055.8388573769,-0.2389619499
1056.8032712100,-0.2530070543
1057.7676850431,-0.2674092650
1058.7320988763,-0.2808185518
1059.6965127094,-0.2917664051
1060.6609265425,-0.2991907001
1061.6253403756,-0.3027598262
1062.5897542087,-0.3031132817
1063.5541680419,-0.3018415868
1064.5185818750,-0.3010472357
1065.4829957081,-0.3026177287
1066.4474095412,-0.3076225221
1067.4118233743,-0.3159869015
1068.3762372075,-0.3267872036
1069.3406510406,-0.3386241794
1070.3050648737,-0.3499090970
1071.2694787068,-0.3589439392
1072.2338925399,-0.3640799224
1073.1983063730,-0.3641691804
1074.1627202062,-0.3592227101
1075.1271340393,-0.3506214619
1076.0915478724,-0.3405298889
1077.0559617055,-0.3307516873
1078.0203755386,-0.3218206763
1078.9847893718,-0.3130882382
1079.9492032049,-0.3036307096
1080.9136170380,-0.2933751643
1081.8780308711,-0.2833291292
1082.8424447042,-0.2750011981
1083.8068585374,-0.2693077028
1084.7712723705,-0.2660738230
1085.7356862036,-0.2643193007
1086.7001000367,-0.2629128098
1087.6645138698,-0.2611328065
1088.6289277029,-0.2586968839
1089.5933415361,-0.2553609610
1090.5577553692,-0.2506568134
1091.5221692023,-0.2439011484
1092.4865830354,-0.2345784307
1093.4509968685,-0.2227669805
1094.4154107017,-0.2092429250
1095.3798245348,-0.1953235120
1096.3442383679,-0.1823114157
1097.3086522010,-0.1710574776
1098.2730660341,-0.1617475003
1099.2374798673,-0.1540171355
1100.2018937004,-0.1473197788
1101.1663075335,-0.1412856132
1102.1307213666,-0.1360275745
1103.0951351997,-0.1320630908
1104.0595490328,-0.1299934089
1105.0239628660,-0.1299223453
1105.9883766991,-0.1312614530
1106.9527905322,-0.1330068409
1107.9172043653,-0.1343750954
1108.8816181984,-0.1352131814
1109.8460320316,-0.1358836442
1110.8104458647,-0.1365468204
1111.7748596978,-0.1367271841
1112.7392735309,-0.1355265528
1113.7036873640,-0.1324620992
1114.6681011971,-0.1283281744
1115.6325150303,-0.1251015663
1116.5969288634,-0.1248137131
1117.5613426965,-0.1282808036
1118.5257565296,-0.1344115436
1119.4901703627,-0.1408465356
1120.4545841959,-0.1453229636
1121.4189980290,-0.1468952745
1122.3834118621,-0.1461956650
1123.3478256952,-0.1446470469
1124.3122395283,-0.1434227228
1125.2766533615,-0.1427868754
1126.2410671946,-0.1423150003
1127.2054810277,-0.1414422989
1128.1698948608,-0.1400212049
1129.1343086939,-0.1383231878
1130.0987225270,-0.1367909610
1131.0631363602,-0.1358308047
1132.0275501933,-0.1357998401
1132.9919640264,-0.1371771991
1133.9563778595,-0.1405386329
1134.9207916926,-0.1462120563
1135.8852055258,-0.1538221836
1136.8496193589,-0.1621956974
1137.8140331920,-0.1698568314
1138.7784470251,-0.1758582145
1139.7428608582,-0.1803364754
1140.7072746914,-0.1842298955
1141.6716885245,-0.1884549111
1142.6361023576,-0.1931135356
1143.6005161907,-0.1974150687
1144.5649300238,-0.2004685998
1145.5293438569,-0.2021611482
1146.4937576901,-0.2034565359
1147.4581715232,-0.2057557851
1148.4225853563,-0.2098933458
1149.3869991894,-0.2155175805
1150.3514130225,-0.2212219983
1151.3158268557,-0.2254105657
1152.2802406888,-0.2269446105
1153.2446545219,-0.2254360765
1154.2090683550,-0.2210051864
1155.1734821881,-0.2139179558
1156.1378960213,-0.2045041323
1157.1023098544,-0.1933175921
1158.0667236875,-0.1812893301
1159.0311375206,-0.1696855724
1159.9955513537,-0.1596960276
1160.9599651868,-0.1521205157
1161.9243790200,-0.1470301002
1162.8887928531,-0.1438362896
1163.8532066862,-0.1416827887
1164.8176205193,-0.1398189813
1165.7820343524,-0.1379824877
1166.7464481856,-0.1363974214
1167.7108620187,-0.1355830282
1168.6752758518,-0.1360130012
1169.6396896849,-0.1378239840
1170.6041035180,-0.1408119202
1171.5685173512,-0.1445595920
1172.5329311843,-0.1485204250
1173.4973450174,-0.1521351039
1174.4617588505,-0.1548770815
1175.4261726836,-0.1563856155
1176.3905865167,-0.1567518264
1177.3550003499,-0.1565860361
1178.3194141830,-0.1567427069
1179.2838280161,-0.1577720940
1180.2482418492,-0.1595721394
1181.2126556823,-0.1614560038
1182.1770695155,-0.1625527889
1183.1414833486,-0.1623031944
1184.1058971817,-0.1605760157
1185.0703110148,-0.1574751288
1186.0347248479,-0.1531899869
1186.9991386810,-0.1479337662
1187.9635525142,-0.1420362443
1188.9279663473,-0.1359364837
1189.8923801804,-0.1301409751
1190.8567940135,-0.1250141263
1191.8212078466,-0.1208018586
1192.7856216798,-0.1175825447
1193.7500355129,-0.1153816730
1194.7144493460,-0.1140917614
1195.6788631791,-0.1135251448
1196.6432770122,-0.1134868860
1197.6076908454,-0.1138968170
1198.5721046785,-0.1147640422
1199.5365185116,-0.1161322966
1200.5009323447,-0.1180398390
1201.4653461778,-0.1206761450
1202.4297600109,-0.1242325231
1203.3941738441,-0.1289057285
1204.3585876772,-0.1348287612
1205.3230015103,-0.1420380622
1206.2874153434,-0.1504808068
1207.2518291765,-0.1599583924
1208.2162430097,-0.1701647341
1209.1806568428,-0.1807755530
1210.1450706759,-0.1913863719
1211.1094845090,-0.2016419023
1212.0738983421,-0.2111905515
1213.0383121753,-0.2197389603
1214.0027260084,-0.2271140516
1214.9671398415,-0.2332338542
1215.9315536746,-0.2381548434
1216.8959675077,-0.2420300543
1217.8603813408,-0.2450216264
1218.8247951740,-0.2472807914
1219.7892090071,-0.2488968372
1220.7536228402,-0.2499025315
1221.7180366733,-0.2502942383
1222.6824505064,-0.2500537336
1223.6468643396,-0.2491446137
1224.6112781727,-0.2475395054
1225.5756920058,-0.2452238649
1226.5401058389,-0.2422013134
1227.5045196720,-0.2385265082
1228.4689335052,-0.2343124300
1229.4333473383,-0.2296975255
1230.3977611714,-0.2248621732
1231.3621750045,-0.2199448347
1232.3265888376,-0.2150511742
1233.2910026707,-0.2101593465
1234.2554165039,-0.2052073926
1235.2198303370,-0.2000204027
1236.1842441701,-0.1944016367
1237.1486580032,-0.1881360710
1238.1130718363,-0.1809905320
1239.0774856695,-0.1727518588
1240.0418995026,-0.1631649584
1241.0063133357,-0.1520458311
1241.9707271688,-0.1392359585
1242.9351410019,-0.1246788874
1243.8995548351,-0.1084110364
1244.8639686682,-0.0906036720
1245.8283825013,-0.0715009272
1246.7927963344,-0.0514453240
1247.7572101675,-0.0308322124
1248.7216240006,-0.0100697065
1249.6860378338,0.0104031162
1250.6504516669,0.0301890783
1251.6148655000,0.0488964692
1252.5792793331,0.0661754757
1253.5436931662,0.0817309618
1254.5081069994,0.0952859819
1255.4725208325,0.1066565365
1256.4369346656,0.1157077923
1257.4013484987,0.1224051416
1258.3657623318,0.1268014163
1259.3301761649,0.1290624142
1260.2945899981,0.1294650435
1261.2590038312,0.1284320205
1262.2234176643,0.1264825761
1263.1878314974,0.1242452711
1264.1522453305,0.1223632395
1265.1166591637,0.1214559227
1266.0810729968,0.1219697073
1267.0454868299,0.1241778657
1268.0099006630,0.1281022578
1268.9743144961,0.1335497797
1269.9387283293,0.1401961148
1270.9031421624,0.1476040035
1271.8675559955,0.1553489566
1272.8319698286,0.1629863977
1273.7963836617,0.1701865941
1274.7607974948,0.1766689569
1275.7252113280,0.1822622269
1276.6896251611,0.1868753135
1277.6540389942,0.1905082017
1278.6184528273,0.1931973398
1279.5828666604,0.1950538754
1280.5472804936,0.1961779892
1281.5116943267,0.1966480464
1282.4761081598,0.1965405494
1283.4405219929,0.1958372891
1284.4049358260,0.1944927275
1285.3693496592,0.1924704015
1286.3337634923,0.1897175014
1287.2981773254,0.1862176061
1288.2625911585,0.1820272058
1289.2270049916,0.1772647202
1290.1914188247,0.1720996052
1291.1558326579,0.1667668670
1292.1202464910,0.1615051925
1293.0846603241,0.1565167904
1294.0490741572,0.1519911736
1295.0134879903,0.1480448991
1295.9779018235,0.1447818577
1296.9423156566,0.1422621608
1297.9067294897,0.1405495554
1298.8711433228,0.1396932602
1299.8355571559,0.1397552043
1300.7999709891,0.1407663673
1301.7643848222,0.1427431405
1302.7287986553,0.1456308663
1303.6932124884,0.1493621469
1304.6576263215,0.1538003236
1305.6220401546,0.1587978303
1306.5864539878,0.1641961485
1307.5508678209,0.1698513627
1308.5152816540,0.1756541580
1309.4796954871,0.1815079600
1310.4441093202,0.1873453707
1311.4085231534,0.1931244731
1312.3729369865,0.1988015473
1313.3373508196,0.2043201178
1314.3017646527,0.2096182406
1315.2661784858,0.2146485299
1316.2305923190,0.2194146514
1317.1950061521,0.2239384651
1318.1594199852,0.2283456624
1319.1238338183,0.2327893078
1320.0882476514,0.2374770939
1321.0526614845,0.2425875515
1322.0170753177,0.2483047098
1322.9814891508,0.2547251284
1323.9459029839,0.2618815899
1324.9103168170,0.2697194517
1325.8747306501,0.2781348825
1326.8391444833,0.2869547606
1327.8035583164,0.2959276736
1328.7679721495,0.3048149347
1329.7323859826,0.3133396804
1330.6967998157,0.3212923110
1331.6612136488,0.3285216689
1332.6256274820,0.3349894583
1333.5900413151,0.3407248259
1334.5544551482,0.3458279967
1335.5188689813,0.3504046500
1336.4832828144,0.3545731902
1337.4476966476,0.3584392667
1338.4121104807,0.3620648682
1339.3765243138,0.3654827774
1340.3409381469,0.3686347008
1341.3053519800,0.3714185655
1342.2697658132,0.3736449480
1343.2341796463,0.3750642240
1344.1985934794,0.3753812313
1345.1630073125,0.3743190467
1346.1274211456,0.3716098666
1347.0918349787,0.3670879006
1348.0562488119,0.3607458174
1349.0206626450,0.3527621925
1349.9850764781,0.3435633779
1350.9494903112,0.3337487280
1351.9139041443,0.3240889609
1352.8783179775,0.3153656423
1353.8427318106,0.3082802296
1354.8071456437,0.3034302890
1355.7715594768,0.3011893332
1356.7359733099,0.3017395735
1357.7003871431,0.3050608933
1358.6648009762,0.3109766543
1359.6292148093,0.3191187680
1360.5936286424,0.3289862573
1361.5580424755,0.3399796784
1362.5224563086,0.3513884842
1363.4868701418,0.3625367582
1364.4512839749,0.3728050590
1365.4156978080,0.3817014396
1366.3801116411,0.3889453709
1367.3445254742,0.3944347799
1368.3089393074,0.3982954323
1369.2733531405,0.4008060098
1370.2377669736,0.4023655653
1371.2021808067,0.4034987986
1372.1665946398,0.4047103822
1373.1310084730,0.4064976573
1374.0954223061,0.4092815518
1375.0598361392,0.4133334756
1376.0242499723,0.4188283682
1376.9886638054,0.4257935286
1377.9530776385,0.4341743290
1378.9174914717,0.4438468516
1379.8819053048,0.4546708465
1380.8463191379,0.4664750099
1381.8107329710,0.4790953696
1382.7751468041,0.4924062788
1383.7395606373,0.5062983632
1384.7039744704,0.5207260847
1385.6683883035,0.5357058048
1386.6328021366,0.5513104796
1387.5972159697,0.5676311851
1388.5616298029,0.5848136544
1389.5260436360,0.6029999852
1390.4904574691,0.6223195195
1391.4548713022,0.6429052949
1392.4192851353,0.6648283601
1393.3836989684,0.6881633997
1394.3481128016,0.7129250169
1395.3125266347,0.7390767336
1396.2769404678,0.7665584683
1397.2413543009,0.7951952815
1398.2057681340,0.8248013258
1399.1701819672,0.8551452756
1400.1345958003,0.8859865665
1401.0990096334,0.9170793295
1402.0634234665,0.9481957555
1403.0278372996,0.9790480137
1403.9922511328,1.0093027353
1404.9566649659,1.0385444164
1405.9210787990,1.0662902594
1406.8854926321,1.0920101404
1407.8499064652,1.1151593924
1408.8143202983,1.1352241039
1409.7787341315,1.1517324448
1410.7431479646,1.1642944813
1411.7075617977,1.1726279259
1412.6719756308,1.1765779257
1413.6363894639,1.1761587858
1414.6008032971,1.1715657711
1415.5652171302,1.1631867886
1416.5296309633,1.1516213417
1417.4940447964,1.1375744343
1418.4584586295,1.1218476295
1419.4228724626,1.1052627563
1420.3872862958,1.0886195898
1421.3517001289,1.0726450682
1422.3161139620,1.0579805374
1423.2805277951,1.0451542139
1424.2449416282,1.0345871449
1425.2093554614,1.0266199112
1426.1737692945,1.0214821100
1427.1381831276,1.0193450451
1428.1025969607,1.0202815533
1429.0670107938,1.0242987871
1430.0314246270,1.0312876701
1430.9958384601,1.0410404205
1431.9602522932,1.0532362461
1432.9246661263,1.0673724413
1433.8890799594,1.0828533173
1434.8534937925,1.0989297628
1435.8179076257,1.1148915291
1436.7823214588,1.1300389767
1437.7467352919,1.1438782215
1438.7111491250,1.1560850143
1439.6755629581,1.1665318012
1440.6399767913,1.1752824783
1441.6043906244,1.1824680567
1442.5688044575,1.1883000135
1443.5332182906,1.1930097342
1444.4976321237,1.1967920065
1445.4620459569,1.1997908354
1446.4264597900,1.2020426989
1447.3908736231,1.2035002708
1448.3552874562,1.2040013075
1449.3197012893,1.2033563852
1450.2841151224,1.2013012171
1451.2485289556,1.1975935698
1452.2129427887,1.1920021772
1453.1773566218,1.1844193935
1454.1417704549,1.1748161316
1455.1061842880,1.1632925272
1456.0705981212,1.1500434875
1457.0350119543,1.1353188753
1457.9994257874,1.1194591522
1458.9638396205,1.1027904749
1459.9282534536,1.0857136250
1460.8926672868,1.0685768127
1461.8570811199,1.0516585112
1462.8214949530,1.0351464748
1463.7859087861,1.0190736055
1464.7503226192,1.0033249855
1465.7147364523,0.9876201153
1466.6791502855,0.9715745449
1467.6435641186,0.9546653628
1468.6079779517,0.9363223910
1469.5723917848,0.9159333706
1470.5368056179,0.8929098248
1471.5012194511,0.8667599559
1472.4656332842,0.8372285962
1473.4300471173,0.8043212295
1474.3944609504,0.7683402896
1475.3588747835,0.7299033999
1476.3232886167,0.6898395419
1477.2877024498,0.6491052508
1478.2521162829,0.6086989045
1479.2165301160,0.5696024895
1480.1809439491,0.5326704979
1481.1453577822,0.4986353815
1482.1097716154,0.4680290818
1483.0741854485,0.4412160218
1484.0385992816,0.4183674157
1485.0030131147,0.3995069861
1485.9674269478,0.3844962716
1486.9318407810,0.3730911016
1487.8962546141,0.3649726510
1488.8606684472,0.3597711027
1489.8250822803,0.3571366072
1490.7894961134,0.3567631245
1491.7539099465,0.3583973646
1492.7183237797,0.3618517220
1493.6827376128,0.3669767678
1494.6471514459,0.3736194372
1495.6115652790,0.3816176355
1496.5759791121,0.3908328712
1497.5403929453,0.4011922479
1498.5048067784,0.4126083553
1499.4692206115,0.4250957370
1500.4336344446,0.4386944771
1501.3980482777,0.4534519911
1502.3624621109,0.4694702327
1503.3268759440,0.4868476093
1504.2912897771,0.5056752563
1505.2557036102,0.5260114074
1506.2201174433,0.5478670597
1507.1845312764,0.5711875558
1508.1489451096,0.5959145427
1509.1133589427,0.6219897270
1510.0777727758,0.6493402719
1511.0421866089,0.6779042482
1512.0066004420,0.7075831890
1512.9710142752,0.7382422686
1513.9354281083,0.7697286010
1514.8998419414,0.8018124104
1515.8642557745,0.8342643380
1516.8286696076,0.8668801785
1517.7930834408,0.8995069861
1518.7574972739,0.9320827723
1519.7219111070,0.9646075368
1520.6863249401,0.9971067905
1521.6507387732,1.0296497345
1522.6151526063,1.0623093843
1523.5795664395,1.0951474905
1524.5439802726,1.1281896830
1525.5083941057,1.1614249945
1526.4728079388,1.1947550774
1527.4372217719,1.2280741930
1528.4016356051,1.2612621784
1529.3660494382,1.2942205667
1530.3304632713,1.3268655539
1531.2948771044,1.3591243029
1532.2592909375,1.3909349442
1533.2237047707,1.4222098589
1534.1881186038,1.4529454708
1535.1525324369,1.4831272364
1536.1169462700,1.5127989054
1537.0813601031,1.5419677496
1538.0457739362,1.5705972910
1539.0101877694,1.5985709429
1539.9746016025,1.6257028580
1540.9390154356,1.6518034935
1541.9034292687,1.6766725779
1542.8678431018,1.7001315355
1543.8322569350,1.7220090628
1544.7966707681,1.7421485186
1545.7610846012,1.7604112625
1546.7254984343,1.7766809464
1547.6899122674,1.7908445597
1548.6543261006,1.8027817011
1549.6187399337,1.8123466969
1550.5831537668,1.8193938732
1551.5475675999,1.8237627745
1552.5119814330,1.8253005743
1553.4763952661,1.8238976002
1554.4408090993,1.8195251226
1555.4052229324,1.8122373819
1556.3696367655,1.8021403551
1557.3340505986,1.7893834114
1558.2984644317,1.7741048336
1559.2628782649,1.7564431429
1560.2272920980,1.7365697622
1561.1917059311,1.7146886587
1562.1561197642,1.6910583973
1563.1205335973,1.6659160852
1564.0849474304,1.6395311356
1565.0493612636,1.6121222973
1566.0137750967,1.5839482546
1566.9781889298,1.5552786589
1567.9426027629,1.5264159441
1568.9070165960,1.4976115227
1569.8714304292,1.4691203833
1570.8358442623,1.4411722422
1571.8002580954,1.4139602184
1572.7646719285,1.3876518011
1573.7290857616,1.3624074459
1574.6934995948,1.3383654356
1575.6579134279,1.3156316280
1576.6223272610,1.2942897081
1577.5867410941,1.2743799686
1578.5511549272,1.2559530735
1579.5155687603,1.2390457392
1580.4799825935,1.2236323357
1581.4443964266,1.2097057104
1582.4088102597,1.1972401142
1583.3732240928,1.1862285137
1584.3376379259,1.1766780615
1585.3020517591,1.1686033010
1586.2664655922,1.1620153189
1587.2308794253,1.1569685936
1588.1952932584,1.1535288095
1589.1597070915,1.1518199444
1590.1241209247,1.1520385742
1591.0885347578,1.1543887854
1592.0529485909,1.1591403484
1593.0173624240,1.1665337086
1593.9817762571,1.1768639088
1594.9461900902,1.1903897524
1595.9106039234,1.2073663473
1596.8750177565,1.2279613018
1597.8394315896,1.2522510290
1598.8038454227,1.2801772356
1599.7682592558,1.3115578890
1600.7326730890,1.3460685015
1601.6970869221,1.3833630085
1602.6615007552,1.4230661392
1603.6259145883,1.4647442102
1604.5903284214,1.5079162121
1605.5547422546,1.5520282984
1606.5191560877,1.5964392424
1607.4835699208,1.6404639482
1608.4479837539,1.6834610701
1609.4123975870,1.7247892618
1610.3768114201,1.7639822960
1611.3412252533,1.8006172180
1612.3056390864,1.8344246149
1613.2700529195,1.8651348352
1614.2344667526,1.8926310539
1615.1988805857,1.9168844223
1616.1632944189,1.9378364086
1617.1277082520,1.9555890560
1618.0921220851,1.9702154398
1619.0565359182,1.9818099737
1620.0209497513,1.9905041456
1620.9853635845,1.9963853359
1621.9497774176,1.9995409250
1622.9141912507,2.0000000000
1623.8786050838,1.9977335930
1624.8430189169,1.9926030636
1625.8074327500,1.9844044447
1626.7718465832,1.9728753567
1627.7362604163,1.9578191042
1628.7006742494,1.9391627312
1629.6650880825,1.9171030521
1630.6295019156,1.8919898272
1631.5939157488,1.8643769026
1632.5583295819,1.8348983526
1633.5227434150,1.8041663170
1634.4871572481,1.7727274895
1635.4515710812,1.7409751415
1636.4159849143,1.7091791630
1637.3803987475,1.6774778366
1638.3448125806,1.6459296942
1639.3092264137,1.6146365404
1640.2736402468,1.5837587118
1641.2380540799,1.5535806417
1642.2024679131,1.5245320797
1643.1668817462,1.4971668720
1644.1312955793,1.4720536470
1645.0957094124,1.4497315884
1646.0601232455,1.4306015968
1647.0245370787,1.4148893356
1647.9889509118,1.4026534557
1648.9533647449,1.3937916756
1649.9177785780,1.3880635500
1650.8821924111,1.3851922750
1651.8466062442,1.3847768307
1652.8110200774,1.3863509893
1653.7754339105,1.3893898726
1654.7398477436,1.3934199810
1655.7042615767,1.3979674578
1656.6686754098,1.4026607275
1657.6330892430,1.4072082043
1658.5975030761,1.4113767147
1659.5619169092,1.4150133133
1660.5263307423,1.4180231094
1661.4907445754,1.4203405380
1662.4551584086,1.4218709469
1663.4195722417,1.4225560427
1664.3839860748,1.4223374128
1665.3483999079,1.4211713076
1666.3128137410,1.4189704657
1667.2772275741,1.4157129526
1668.2416414073,1.4112673998
1669.2060552404,1.4054883718
1670.1704690735,1.3982080221
1671.1348829066,1.3892077208
1672.0992967397,1.3782106638
1673.0637105729,1.3648597002
1674.0281244060,1.3487831354
1674.9925382391,1.3295874596
1675.9569520722,1.3069338799
1676.9213659053,1.2806290388
1677.8857797385,1.2505493164
1678.8501935716,1.2166508436
1679.8146074047,1.1790101528
1680.7790212378,1.1377183199
1681.7434350709,1.0929101706
1682.7078489040,1.0447424650
1683.6722627372,0.9933208823
1684.6366765703,0.9387874007
1685.6010904034,0.8812842369
1686.5655042365,0.8211137652
1687.5299180696,0.7586476803
1688.4943319028,0.6943961382
1689.4587457359,0.6289312243
1690.4231595690,0.5628905892
1691.3875734021,0.4969483018
1692.3519872352,0.4317639470
1693.3164010684,0.3680043221
1694.2808149015,0.3062305748
1695.2452287346,0.2469455600
1696.2096425677,0.1905865520
1697.1740564008,0.1375033259
1698.1384702339,0.0879764780
1699.1028840671,0.0421444625
1700.0672979002,0.0000000000
1701.0317117333,-0.0385953784
1701.9961255664,-0.0738311559
1702.9605393995,-0.1058749333
1703.9249532327,-0.1348979920
1704.8893670658,-0.1611007303
1705.8537808989,-0.1846726239
1706.8181947320,-0.2058286667
1707.7826085651,-0.2247583270
1708.7470223982,-0.2416765988
1709.7114362314,-0.2568021119
1710.6758500645,-0.2703279853
1711.6402638976,-0.2824692130
1712.6046777307,-0.2933951914
1713.5690915638,-0.3032152951
1714.5335053970,-0.3120442927
1715.4979192301,-0.3199368119
1716.4623330632,-0.3269675672
1717.4267468963,-0.3332203627
1718.3911607294,-0.3388227522
1719.3555745626,-0.3438694477
1720.3199883957,-0.3484970927
1721.2844022288,-0.3528186679
1722.2488160619,-0.3569343686
1723.2132298950,-0.3609189093
1724.1776437281,-0.3648123145
1725.1420575613,-0.3686110079
1726.1064713944,-0.3722894490
1727.0708852275,-0.3757875264
1728.0352990606,-0.3790706098
1728.9997128937,-0.3820986152
1729.9641267269,-0.3848770261
1730.9285405600,-0.3874003887
1731.8929543931,-0.3897069395
1732.8573682262,-0.3918604255
1733.8217820593,-0.3939501643
1734.7861958925,-0.3960198462
1735.7506097256,-0.3980549276
1736.7150235587,-0.4000262320
1737.6794373918,-0.4018590748
1738.6438512249,-0.4035206735
1739.6082650580,-0.4050073326
1740.5726788912,-0.4063428044
1741.5370927243,-0.4075325131
1742.5015065574,-0.4085710049
1743.4659203905,-0.4094327688
1744.4303342236,-0.4100977778
1745.3947480568,-0.4105241001
1746.3591618899,-0.4107099175
1747.3235757230,-0.4106570780
1748.2879895561,-0.4104129672
1749.2524033892,-0.4100540280
1750.2168172224,-0.4096568525
1751.1812310555,-0.4092779160
1752.1456448886,-0.4089572430
1753.1100587217,-0.4086657465
1754.0744725548,-0.4083578289
1755.0388863879,-0.4079807103
1756.0033002211,-0.4075179398
1756.9677140542,-0.4069786370
1757.9321278873,-0.4064111114
1758.8965417204,-0.4058618248
1759.8609555535,-0.4053926766
1760.8253693867,-0.4050529003
1761.7897832198,-0.4048880041
1762.7541970529,-0.4049198925
1763.7186108860,-0.4051494598
1764.6830247191,-0.4055484533
1765.6474385523,-0.4060813487
1766.6118523854,-0.4067090154
1767.5762662185,-0.4073922336
1768.5406800516,-0.4081045985
1769.5050938847,-0.4088023901
1770.4695077178,-0.4094254673
1771.4339215510,-0.4099374413
1772.3983353841,-0.4102999866
1773.3627492172,-0.4104867280
1774.3271630503,-0.4104985893
1775.2915768834,-0.4103336930
1776.2559907166,-0.4100312591
1777.2204045497,-0.4096413851
1778.1848183828,-0.4092232585
1779.1492322159,-0.4088315368
1780.1136460490,-0.4085008502
1781.0780598821,-0.4082366824
1782.0424737153,-0.4080144167
1783.0068875484,-0.4078003466
1783.9713013815,-0.4075607657
1784.9357152146,-0.4072765410
1785.9001290477,-0.4069595337
1786.8645428809,-0.4066324830
1787.8289567140,-0.4063254893
1788.7933705471,-0.4060831666
1789.7577843802,-0.4059292376
1790.7221982133,-0.4058982432
1791.6866120465,-0.4060039222
1792.6510258796,-0.4062516987
1793.6154397127,-0.4066279233
1794.5798535458,-0.4070852399
1795.5442673789,-0.4075562060
1796.5086812120,-0.4079843462
1797.4730950452,-0.4083241224
1798.4375088783,-0.4085673690
1799.4019227114,-0.4087176621
1800.3663365445,-0.4088187814
1801.3307503776,-0.4089235365
1802.2951642108,-0.4090665579
1803.2595780439,-0.4092551172
1804.2239918770,-0.4094819725
1805.1884057101,-0.4097151756
1806.1528195432,-0.4099219441
1807.1172333764,-0.4100667834
1808.0816472095,-0.4101360142
1809.0460610426,-0.4101159871
1810.0104748757,-0.4100266993
1810.9748887088,-0.4098900557
1811.9393025419,-0.4097361267
1812.9037163751,-0.4095912576
1813.8681302082,-0.4094764888
1814.8325440413,-0.4093981385
1815.7969578744,-0.4093589783
1816.7613717075,-0.4093526006
1817.7257855407,-0.4093808532
1818.6901993738,-0.4094609916
1819.6546132069,-0.4096131325
1820.6190270400,-0.4098572731
1821.5834408731,-0.4101961553
1822.5478547063,-0.4106079042
1823.5122685394,-0.4110579193
1824.4766823725,-0.4114960730
1825.4410962056,-0.4118695855
1826.4055100387,-0.4121364951
1827.3699238718,-0.4122749567
1828.3343377050,-0.4122785926
1829.2987515381,-0.4121583402
1830.2631653712,-0.4119488299
1831.2275792043,-0.4116901159
1832.1919930374,-0.4114241302
1833.1564068706,-0.4111799896
1834.1208207037,-0.4109923244
1835.0852345368,-0.4108775556
1836.0496483699,-0.4108365476
1837.0140622030,-0.4108465612
1837.9784760362,-0.4108793736
1838.9428898693,-0.4109130800
1839.9073037024,-0.4109358490
1840.8717175355,-0.4109467864
1841.8361313686,-0.4109631777
1842.8005452017,-0.4110178351
1843.7649590349,-0.4111235142
1844.7293728680,-0.4113038778
1845.6937867011,-0.4115571082
1846.6582005342,-0.4118622839
1847.6226143673,-0.4121966064
1848.5870282005,-0.4125500619
1849.5514420336,-0.4129062295
1850.5158558667,-0.4132551253
1851.4802696998,-0.4135757983
1852.4446835329,-0.4138545394
1853.4090973661,-0.4140786529
1854.3735111992,-0.4142490029
1855.3379250323,-0.4143819809
1856.3023388654,-0.4144912958
1857.2667526985,-0.4145960510
1858.2311665316,-0.4146999121
1859.1955803648,-0.4148165286
1860.1599941979,-0.4149431288
1861.1244080310,-0.4150898159
1862.0888218641,-0.4152646959
1863.0532356972,-0.4154705703
1864.0176495304,-0.4157119989
1864.9820633635,-0.4159852862
1865.9464771966,-0.4162813425
1866.9108910297,-0.4166029096
1867.8753048628,-0.4169381261
1868.8397186959,-0.4172797501
1869.8041325291,-0.4176140726
1870.7685463622,-0.4179347157
1871.7329601953,-0.4182325900
1872.6973740284,-0.4184849262
1873.6617878615,-0.4186844230
1874.6262016947,-0.4188174307
1875.5906155278,-0.4188775420
1876.5550293609,-0.4188547730
1877.5194431940,-0.4187381864
1878.4838570271,-0.4185395837
1879.4482708603,-0.4182890654
1880.4126846934,-0.4180267155
1881.3770985265,-0.4177880585
1882.3415123596,-0.4176140726
1883.3059261927,-0.4175156653
1884.2703400258,-0.4174783230
1885.2347538590,-0.4174810648
1886.1991676921,-0.4174792469
1887.1635815252,-0.4174509943
1888.1279953583,-0.4173708260
1889.0924091914,-0.4172542393
1890.0568230246,-0.4171175957
1891.0212368577,-0.4170027971
1891.9856506908,-0.4169372320
1892.9500645239,-0.4169399440
1893.9144783570,-0.4170192182
1894.8788921902,-0.4171686172
1895.8433060233,-0.4173562527
1896.8077198564,-0.4175347984
1897.7721336895,-0.4176668823
1898.7365475226,-0.4177388549
1899.7009613557,-0.4177361429
1900.6653751889,-0.4177024364
1901.6297890220,-0.4176632464
1902.5942028551,-0.4176386595
1903.5586166882,-0.4176259041
1904.5230305213,-0.4175967574
1905.4874443545,-0.4175175130
1906.4518581876,-0.4173589945
1907.4162720207,-0.4171431065
1908.3806858538,-0.4169107974
1909.3450996869,-0.4167340696
1910.3095135201,-0.4166812301
1911.2739273532,-0.4167978466
1912.2383411863,-0.4170857072
1913.2027550194,-0.4175111353
1914.1671688525,-0.4180012047
1915.1315826856,-0.4184949696
1916.0959965188,-0.4189395010
1917.0604103519,-0.4192865789
1918.0248241850,-0.4195188582
1918.9892380181,-0.4196245372
1919.9536518512,-0.4196081460
1920.9180656844,-0.4194906354
1921.8824795175,-0.4193157256
1922.8468933506,-0.4191298783
1923.8113071837,-0.4189895988
1924.7757210168,-0.4189167321
1925.7401348500,-0.4189249277
1926.7045486831,-0.4190041721
1927.6689625162,-0.4191253483
1928.6333763493,-0.4192592502
1929.5977901824,-0.4193758368
1930.5622040155,-0.4194769561
1931.5266178487,-0.4195689857
1932.4910316818,-0.4196873903
1933.4554455149,-0.4198477268
1934.4198593480,-0.4200781882
1935.3842731811,-0.4203605950
1936.3486870143,-0.4206621051
1937.3131008474,-0.4209290147
1938.2775146805,-0.4211012125
1939.2419285136,-0.4211276174
1940.2063423467,-0.4210000932
1941.1707561798,-0.4207295179
1942.1351700130,-0.4203387201
1943.0995838461,-0.4198896289
1944.0639976792,-0.4194222987
1945.0284115123,-0.4189777672
1945.9928253454,-0.4185933471
1946.9572391786,-0.4182754159
1947.9216530117,-0.4180349112
1948.8860668448,-0.4178618491
1949.8504806779,-0.4177525342
1950.8148945110,-0.4176751077
1951.7793083442,-0.4176213443
1952.7437221773,-0.4175748825
1953.7081360104,-0.4175293446
1954.6725498435,-0.4174901843
1955.6369636766,-0.4174838066
1956.6013775097,-0.4175339043
1957.5657913429,-0.4176851213
1958.5302051760,-0.4179647863
1959.4946190091,-0.4184020460
1960.4590328422,-0.4189895988
1961.4234466753,-0.4196955860
1962.3878605085,-0.4204362035
1963.3522743416,-0.4211266935
1964.3166881747,-0.4216842055
1965.2811020078,-0.4220677316
1966.2455158409,-0.4222654104
1967.2099296741,-0.4223318994
1968.1743435072,-0.4223300815
1969.1387573403,-0.4223446548
1970.1031711734,-0.4224466681
1971.0675850065,-0.4226817191
1972.0319988396,-0.4230506420
1972.9964126728,-0.4235316217
1973.9608265059,-0.4240581691
1974.9252403390,-0.4245646596
1975.8896541721,-0.4249846041
1976.8540680052,-0.4252779186
1977.8184818384,-0.4254209399
1978.7828956715,-0.4254227877
1979.7473095046,-0.4253061712
1980.7117233377,-0.4251048565
1981.6761371708,-0.4248634577
1982.6405510040,-0.4246329665
1983.6049648371,-0.4244498610
1984.5693786702,-0.4243442118
1985.5337925033,-0.4243214428
1986.4982063364,-0.4243614972
1987.4626201695,-0.4244489670
1988.4270340027,-0.4245546460
1989.3914478358,-0.4246657789
1990.3558616689,-0.4247696102
1991.3202755020,-0.4248743653
1992.2846893351,-0.4249809682
1993.2491031683,-0.4250711501
1994.2135170014,-0.4251376390
1995.1779308345,-0.4251549542
1996.1423446676,-0.4251166880
1997.1067585007,-0.4250110090
1998.0711723339,-0.4248507023
1999.0355861670,-0.4246675968
2000.0000000001,-0.4244954288
