999.9028550560,0.0865706205
1000.8672688891,0.0883159637
1001.8316827223,0.0893203765
1002.7960965554,0.0895320177
1003.7605103885,0.0893767104
1004.7249242216,0.0893828869
1005.6893380547,0.0899095163
1006.6537518879,0.0911673456
1007.6181657210,0.0932032838
1008.5825795541,0.0958714560
1009.5469933872,0.0987725779
1010.5114072203,0.1013093442
1011.4758210535,0.1029032022
1012.4402348866,0.1032083258
1013.4046487197,0.1022753119
1014.3690625528,0.1004953161
1015.3334763859,0.0984941050
1016.2978902190,0.0967462733
1017.2623040522,0.0953933820
1018.2267178853,0.0941148326
1019.1911317184,0.0923579931
1020.1555455515,0.0896552205
1021.1199593846,0.0859857276
1022.0843732178,0.0818415657
1023.0487870509,0.0779078379
1024.0132008840,0.0745894238
1024.9776147171,0.0717676058
1025.9420285502,0.0688845590
1026.9064423834,0.0654060692
1027.8708562165,0.0610730350
1028.8352700496,0.0559915714
1029.7996838827,0.0503421426
1030.7640977158,0.0442284346
1031.7285115489,0.0376425944
1032.6929253821,0.0306000784
1033.6573392152,0.0231769513
1034.6217530483,0.0155075137
1035.5861668814,0.0076204124
1036.5505807145,-0.0005431080
1037.5149945477,-0.0091844620
1038.4794083808,-0.0184413530
1039.4438222139,-0.0282183457
1040.4082360470,-0.0381368510
1041.3726498801,-0.0477311239
1042.3370637132,-0.0568238050
1043.3014775464,-0.0657135248
1044.2658913795,-0.0750847012
1045.2303052126,-0.0856002867
1046.1947190457,-0.0975318030
1047.1591328788,-0.1107014567
1048.1235467120,-0.1246355847
1049.0879605451,-0.1387947947
1050.0523743782,-0.1527564377
1051.0167882113,-0.1662780792
1051.9812020444,-0.1793620884
1052.9456158776,-0.1921021193
1053.9100297107,-0.2045412064
1054.8744435438,-0.2165696323
1055.8388573769,-0.2280954272
1056.8032712100,-0.2392640859
1057.7676850431,-0.2505712509
1058.7320988763,-0.2625251114
1059.6965127094,-0.2751472294
1060.6609265425,-0.2877896726
1061.6253403756,-0.2993712723
1062.5897542087,-0.3089925051
1063.5541680419,-0.3163791001
1064.5185818750,-0.3218321800
1065.4829957081,-0.3259621263
1066.4474095412,-0.3294170201
1067.4118233743,-0.3328539729
1068.3762372075,-0.3369032443
1069.3406510406,-0.3419535756
1070.3050648737,-0.3477711976
1071.2694787068,-0.3532324135
1072.2338925399,-0.3566576242
1073.1983063730,-0.3566715717
1074.1627202062,-0.3530348241
1075.1271340393,-0.3468213975
1076.0915478724,-0.3397311270
1077.0559617055,-0.3331161737
1078.0203755386,-0.3273294568
1078.9847893718,-0.3219614923
1079.9492032049,-0.3164039552
1080.9136170380,-0.3103698194
1081.8780308711,-0.3038924634
1082.8424447042,-0.2970513403
1083.8068585374,-0.2897033393
1084.7712723705,-0.2815590799
1085.7356862036,-0.2724336684
1086.7001000367,-0.2624483407
1087.6645138698,-0.2519661486
1088.6289277029,-0.2413781136
1089.5933415361,-0.2307973504
1090.5577553692,-0.2199888825
1091.5221692023,-0.2085184008
1092.4865830354,-0.1960713863
1093.4509968685,-0.1826469451
1094.4154107017,-0.1685248017
1095.3798245348,-0.1540954113
1096.3442383679,-0.1396477073
1097.3086522010,-0.1253812015
1098.2730660341,-0.1115484685
1099.2374798673,-0.0985300690
1100.2018937004,-0.0866955966
1101.1663075335,-0.0761514008
1102.1307213666,-0.0665744916
1103.0951351997,-0.0573937818
1104.0595490328,-0.0481877141
1105.0239628660,-0.0389919281
1105.9883766991,-0.0303214826
1106.9527905322,-0.0229041278
1107.9172043653,-0.0172842070
1108.8816181984,-0.0135969156
1109.8460320316,-0.0115944277
1110.8104458647,-0.0106956270
1111.7748596978,-0.0101243285
1112.7392735309,-0.0090902718
1113.7036873640,-0.0070485417
1114.6681011971,-0.0040489440
1115.6325150303,-0.0007496480
1116.5969288634,0.0019421740
1117.5613426965,0.0034174910
1118.5257565296,0.0037328426
1119.4901703627,0.0035087264
1120.4545841959,0.0035069399
1121.4189980290,0.0042305975
1122.3834118621,0.0057527339
1123.3478256952,0.0077876407
1124.3122395283,0.0098502953
1125.2766533615,0.0114142383
1126.2410671946,0.0119745145
1127.2054810277,0.0111665661
1128.1698948608,0.0088249845
1129.1343086939,0.0050898651
1130.0987225270,0.0003478270
1131.0631363602,-0.0048736879
1132.0275501933,-0.0102253072
1132.9919640264,-0.0157726780
1133.9563778595,-0.0221076906
1134.9207916926,-0.0300181415
1135.8852055258,-0.0398943610
1136.8496193589,-0.0512376837
1137.8140331920,-0.0626909211
1138.7784470251,-0.0726711452
1139.7428608582,-0.0802692845
1140.7072746914,-0.0857400596
1141.6716885245,-0.0903130844
1142.6361023576,-0.0953596011
1143.6005161907,-0.1015621126
1144.5649300238,-0.1086318269
1145.5293438569,-0.1156598628
1146.4937576901,-0.1217859015
1147.4581715232,-0.1266395152
1148.4225853563,-0.1303390861
1149.3869991894,-0.1331693232
1150.3514130225,-0.1352452338
1151.3158268557,-0.1364540160
1152.2802406888,-0.1365343928
1153.2446545219,-0.1352332979
1154.2090683550,-0.1323906332
1155.1734821881,-0.1279509515
1156.1378960213,-0.1219734997
1157.1023098544,-0.1146883294
1158.0667236875,-0.1065499336
1159.0311375206,-0.0982593447
1159.9955513537,-0.0906467363
1160.9599651868,-0.0844656229
1161.9243790200,-0.0800326243
1162.8887928531,-0.0770462751
1163.8532066862,-0.0746659413
1164.8176205193,-0.0718931779
1165.7820343524,-0.0680550337
1166.7464481856,-0.0630897135
1167.7108620187,-0.0575469881
1168.6752758518,-0.0523098633
1169.6396896849,-0.0482250378
1170.6041035180,-0.0458376482
1171.5685173512,-0.0453332253
1172.5329311843,-0.0465983599
1173.4973450174,-0.0494076237
1174.4617588505,-0.0535653383
1175.4261726836,-0.0588863380
1176.3905865167,-0.0651876852
1177.3550003499,-0.0722109005
1178.3194141830,-0.0795419812
1179.2838280161,-0.0866793767
1180.2482418492,-0.0931124017
1181.2126556823,-0.0984470621
1182.1770695155,-0.1025791913
1183.1414833486,-0.1057379991
1184.1058971817,-0.1084107533
1185.0703110148,-0.1111248657
1186.0347248479,-0.1142748296
1186.9991386810,-0.1180442795
1187.9635525142,-0.1223491132
1188.9279663473,-0.1268993616
1189.8923801804,-0.1312916279
1190.8567940135,-0.1351360530
1191.8212078466,-0.1383008212
1192.7856216798,-0.1410311013
1193.7500355129,-0.1438721567
1194.7144493460,-0.1473163664
1195.6788631791,-0.1514608562
1196.6432770122,-0.1558870822
1197.6076908454,-0.1599293500
1198.5721046785,-0.1630129963
1199.5365185116,-0.1649066061
1200.5009323447,-0.1656516641
1201.4653461778,-0.1654363573
1202.4297600109,-0.1644328684
1203.3941738441,-0.1628330648
1204.3585876772,-0.1608077735
1205.3230015103,-0.1585211754
1206.2874153434,-0.1561098248
1207.2518291765,-0.1536667645
1208.2162430097,-0.1512468308
1209.1806568428,-0.1488943398
1210.1450706759,-0.1466088891
1211.1094845090,-0.1444007158
1212.0738983421,-0.1422604769
1213.0383121753,-0.1401669830
1214.0027260084,-0.1380978972
1214.9671398415,-0.1360322237
1215.9315536746,-0.1339516938
1216.8959675077,-0.1318472922
1217.8603813408,-0.1297312081
1218.8247951740,-0.1275919080
1219.7892090071,-0.1254060864
1220.7536228402,-0.1231399328
1221.7180366733,-0.1207424328
1222.6824505064,-0.1181321517
1223.6468643396,-0.1152236015
1224.6112781727,-0.1118849069
1225.5756920058,-0.1080039293
1226.5401058389,-0.1034459546
1227.5045196720,-0.0981132090
1228.4689335052,-0.0919435248
1229.4333473383,-0.0849130079
1230.3977611714,-0.0770280957
1231.3621750045,-0.0683150440
1232.3265888376,-0.0587974451
1233.2910026707,-0.0484830663
1234.2554165039,-0.0373902582
1235.2198303370,-0.0255228467
1236.1842441701,-0.0129071092
1237.1486580032,0.0003818282
1238.1130718363,0.0142635889
1239.0774856695,0.0285944212
1240.0418995026,0.0432437994
1241.0063133357,0.0580469146
1241.9707271688,0.0728508607
1242.9351410019,0.0875014737
1243.8995548351,0.1018604934
1244.8639686682,0.1157976091
1245.8283825013,0.1292367578
1246.7927963344,0.1421111524
1247.7572101675,0.1544161141
1248.7216240006,0.1661680788
1249.6860378338,0.1773809195
1250.6504516669,0.1880564392
1251.6148655000,0.1981568635
1252.5792793331,0.2075993568
1253.5436931662,0.2162877470
1254.5081069994,0.2240608931
1255.4725208325,0.2308155745
1256.4369346656,0.2364468873
1257.4013484987,0.2409116626
1258.3657623318,0.2442139685
1259.3301761649,0.2464050949
1260.2945899981,0.2476141900
1261.2590038312,0.2480190843
1262.2234176643,0.2478758097
1263.1878314974,0.2475238293
1264.1522453305,0.2473664731
1265.1166591637,0.2478391975
1266.0810729968,0.2493251860
1267.0454868299,0.2521248162
1268.0099006630,0.2564027607
1268.9743144961,0.2621707022
1269.9387283293,0.2693122923
1270.9031421624,0.2775896788
1271.8675559955,0.2867357731
1272.8319698286,0.2964503765
1273.7963836617,0.3064686954
1274.7607974948,0.3165600598
1275.7252113280,0.3265410662
1276.6896251611,0.3362704217
1277.6540389942,0.3456384242
1278.6184528273,0.3545511365
1279.5828666604,0.3629633486
1280.5472804936,0.3708247840
1281.5116943267,0.3781259358
1282.4761081598,0.3848863840
1283.4405219929,0.3911166787
1284.4049358260,0.3968523145
1285.3693496592,0.4021407664
1286.3337634923,0.4070085287
1287.2981773254,0.4115149975
1288.2625911585,0.4157050252
1289.2270049916,0.4196381569
1290.1914188247,0.4233591855
1291.1558326579,0.4269328415
1292.1202464910,0.4303854704
1293.0846603241,0.4337275326
1294.0490741572,0.4369458258
1295.0134879903,0.4399848580
1295.9779018235,0.4427997172
1296.9423156566,0.4453389347
1297.9067294897,0.4475720525
1298.8711433228,0.4494886696
1299.8355571559,0.4511217773
1300.7999709891,0.4525176585
1301.7643848222,0.4537214041
1302.7287986553,0.4547753632
1303.6932124884,0.4556664228
1304.6576263215,0.4563879669
1305.6220401546,0.4568977952
1306.5864539878,0.4571945369
1307.5508678209,0.4572556317
1308.5152816540,0.4571205974
1309.4796954871,0.4567919075
1310.4441093202,0.4562733769
1311.4085231534,0.4555568993
1312.3729369865,0.4546053410
1313.3373508196,0.4533564150
1314.3017646527,0.4517320991
1315.2661784858,0.4496503472
1316.2305923190,0.4470252991
1317.1950061521,0.4437895119
1318.1594199852,0.4399166107
1319.1238338183,0.4354039431
1320.0882476514,0.4302872419
1321.0526614845,0.4246273339
1322.0170753177,0.4185300171
1322.9814891508,0.4120904207
1323.9459029839,0.4054090977
1324.9103168170,0.3985903859
1325.8747306501,0.3917150497
1326.8391444833,0.3848610818
1327.8035583164,0.3780960143
1328.7679721495,0.3714860380
1329.7323859826,0.3650959730
1330.6967998157,0.3590025902
1331.6612136488,0.3532838225
1332.6256274820,0.3480083942
1333.5900413151,0.3432515562
1334.5544551482,0.3390555382
1335.5188689813,0.3354321718
1336.4832828144,0.3323588669
1337.4476966476,0.3297892511
1338.4121104807,0.3276358843
1339.3765243138,0.3258260190
1340.3409381469,0.3242655396
1341.3053519800,0.3228790164
1342.2697658132,0.3216027319
1343.2341796463,0.3203716874
1344.1985934794,0.3191420138
1345.1630073125,0.3178618252
1346.1274211456,0.3164753914
1347.0918349787,0.3149296343
1348.0562488119,0.3131836355
1349.0206626450,0.3112310767
1349.9850764781,0.3091251552
1350.9494903112,0.3069774806
1351.9139041443,0.3049471378
1352.8783179775,0.3031973243
1353.8427318106,0.3018937111
1354.8071456437,0.3011344969
1355.7715594768,0.3009556532
1356.7359733099,0.3013520539
1357.7003871431,0.3022668660
1358.6648009762,0.3036391735
1359.6292148093,0.3053762019
1360.5936286424,0.3073931038
1361.5580424755,0.3096102774
1362.5224563086,0.3119217753
1363.4868701418,0.3142402172
1364.4512839749,0.3164849281
1365.4156978080,0.3185778558
1366.3801116411,0.3204500973
1367.3445254742,0.3220539391
1368.3089393074,0.3234036863
1369.2733531405,0.3245626092
1370.2377669736,0.3256760538
1371.2021808067,0.3270111680
1372.1665946398,0.3288376927
1373.1310084730,0.3314799368
1374.0954223061,0.3352263570
1375.0598361392,0.3403141499
1376.0242499723,0.3469314277
1376.9886638054,0.3551843762
1377.9530776385,0.3651248515
1378.9174914717,0.3767357767
1379.8819053048,0.3899405301
1380.8463191379,0.4045804739
1381.8107329710,0.4204599261
1382.7751468041,0.4373171329
1383.7395606373,0.4548744559
1384.7039744704,0.4728501439
1385.6683883035,0.4909809232
1386.6328021366,0.5090574622
1387.5972159697,0.5269155502
1388.5616298029,0.5444515347
1389.5260436360,0.5615966320
1390.4904574691,0.5782992840
1391.4548713022,0.5944708586
1392.4192851353,0.6099462509
1393.3836989684,0.6245309711
1394.3481128016,0.6379539967
1395.3125266347,0.6499192715
1396.2769404678,0.6601558924
1397.2413543009,0.6683943272
1398.2057681340,0.6744393110
1399.1701819672,0.6781349182
1400.1345958003,0.6794035435
1401.0990096334,0.6782596707
1402.0634234665,0.6747906804
1403.0278372996,0.6691775322
1403.9922511328,0.6616565585
1404.9566649659,0.6525169015
1405.9210787990,0.6421029568
1406.8854926321,0.6307791471
1407.8499064652,0.6189110875
1408.8143202983,0.6068642139
1409.7787341315,0.5949459076
1410.7431479646,0.5833908916
1411.7075617977,0.5723650455
1412.6719756308,0.5619591475
1413.6363894639,0.5521923900
1414.6008032971,0.5430314541
1415.5652171302,0.5343701839
1416.5296309633,0.5260746479
1417.4940447964,0.5179543495
1418.4584586295,0.5097947717
1419.4228724626,0.5013874173
1420.3872862958,0.4925728738
1421.3517001289,0.4832887352
1422.3161139620,0.4735772014
1423.2805277951,0.4635772109
1424.2449416282,0.4535502791
1425.2093554614,0.4438147545
1426.1737692945,0.4347626567
1427.1381831276,0.4267884493
1428.1025969607,0.4202744961
1429.0670107938,0.4155513644
1430.0314246270,0.4128622413
1430.9958384601,0.4123551548
1431.9602522932,0.4140485525
1432.9246661263,0.4178365767
1433.8890799594,0.4234930575
1434.8534937925,0.4306673706
1435.8179076257,0.4389493167
1436.7823214588,0.4478929639
1437.7467352919,0.4571081400
1438.7111491250,0.4662472010
1439.6755629581,0.4750422537
1440.6399767913,0.4832967222
1441.6043906244,0.4908630550
1442.5688044575,0.4976700842
1443.5332182906,0.5037060976
1444.4976321237,0.5090359449
1445.4620459569,0.5137403607
1446.4264597900,0.5179315805
1447.3908736231,0.5216931701
1448.3552874562,0.5250634551
1449.3197012893,0.5280336738
1450.2841151224,0.5305300951
1451.2485289556,0.5323945284
1452.2129427887,0.5334169269
1453.1773566218,0.5333779454
1454.1417704549,0.5320788622
1455.1061842880,0.5293681026
1456.0705981212,0.5252276063
1457.0350119543,0.5197291970
1457.9994257874,0.5131183863
1458.9638396205,0.5057073832
1459.9282534536,0.4979092181
1460.8926672868,0.4901053309
1461.8570811199,0.4826043844
1462.8214949530,0.4756048620
1463.7859087861,0.4691661596
1464.7503226192,0.4632061124
1465.7147364523,0.4575314820
1466.6791502855,0.4518685341
1467.6435641186,0.4458998740
1468.6079779517,0.4393029213
1469.5723917848,0.4318089187
1470.5368056179,0.4232413769
1471.5012194511,0.4135187864
1472.4656332842,0.4027301371
1473.4300471173,0.3910835385
1474.3944609504,0.3789249957
1475.3588747835,0.3666695654
1476.3232886167,0.3547644019
1477.2877024498,0.3436461687
1478.2521162829,0.3337119222
1479.2165301160,0.3252938688
1480.1809439491,0.3186343014
1481.1453577822,0.3139026761
1482.1097716154,0.3111917675
1483.0741854485,0.3105135858
1484.0385992816,0.3118403852
1485.0030131147,0.3151008189
1485.9674269478,0.3201836646
1486.9318407810,0.3269751072
1487.8962546141,0.3353559673
1488.8606684472,0.3452031314
1489.8250822803,0.3563950658
1490.7894961134,0.3687916696
1491.7539099465,0.3822307885
1492.7183237797,0.3965341449
1493.6827376128,0.4115381837
1494.6471514459,0.4270605445
1495.6115652790,0.4429675937
1496.5759791121,0.4591642022
1497.5403929453,0.4756900966
1498.5048067784,0.4926461875
1499.4692206115,0.5102288127
1500.4336344446,0.5286686420
1501.3980482777,0.5482015610
1502.3624621109,0.5690737367
1503.3268759440,0.5914674401
1504.2912897771,0.6155350208
1505.2557036102,0.6413310766
1506.2201174433,0.6688385010
1507.1845312764,0.6979744434
1508.1489451096,0.7286015749
1509.1133589427,0.7605485916
1510.0777727758,0.7935760021
1511.0421866089,0.8273597360
1512.0066004420,0.8614853621
1512.9710142752,0.8954406977
1513.9354281083,0.9286735654
1514.8998419414,0.9606366158
1515.8642557745,0.9908726811
1516.8286696076,1.0191303492
1517.7930834408,1.0454437733
1518.7574972739,1.0701588392
1519.7219111070,1.0938884020
1520.6863249401,1.1173985004
1521.6507387732,1.1415401697
1522.6151526063,1.1671274900
1523.5795664395,1.1948404312
1524.5439802726,1.2251868248
1525.5083941057,1.2584795952
1526.4728079388,1.2948464155
1527.4372217719,1.3342584372
1528.4016356051,1.3766136169
1529.3660494382,1.4217586517
1530.3304632713,1.4695039988
1531.2948771044,1.5196169615
1532.2592909375,1.5718253851
1533.2237047707,1.6257959604
1534.1881186038,1.6811661720
1535.1525324369,1.7375075817
1536.1169462700,1.7943223715
1537.0813601031,1.8510258198
1538.0457739362,1.9068657160
1539.0101877694,1.9609630108
1539.9746016025,2.0123145580
1540.9390154356,2.0598728657
1541.9034292687,2.1025698185
1542.8678431018,2.1393620968
1543.8322569350,2.1692273617
1544.7966707681,2.1911966801
1545.7610846012,2.2044167519
1546.7254984343,2.2082278728
1547.6899122674,2.2022180557
1548.6543261006,2.1862716675
1549.6187399337,2.1605894566
1550.5831537668,2.1256740093
1551.5475675999,2.0822708607
1552.5119814330,2.0313532352
1553.4763952661,1.9740569592
1554.4408090993,1.9116431475
1555.4052229324,1.8454596996
1556.3696367655,1.7768642902
1557.3340505986,1.7071650028
1558.2984644317,1.6375293732
1559.2628782649,1.5689462423
1560.2272920980,1.5022299290
1561.1917059311,1.4380141497
1562.1561197642,1.3767424822
1563.1205335973,1.3186737299
1564.0849474304,1.2638841867
1565.0493612636,1.2123224735
1566.0137750967,1.1638283730
1566.9781889298,1.1182041168
1567.9426027629,1.0752279758
1568.9070165960,1.0346726179
1569.8714304292,0.9963269234
1570.8358442623,0.9600350857
1571.8002580954,0.9256655574
1572.7646719285,0.8931290507
1573.7290857616,0.8623519540
1574.6934995948,0.8332604170
1575.6579134279,0.8057618737
1576.6223272610,0.7797532678
1577.5867410941,0.7551454306
1578.5511549272,0.7318546772
1579.5155687603,0.7098244429
1580.4799825935,0.6889820099
1581.4443964266,0.6692783237
1582.4088102597,0.6507090330
1583.3732240928,0.6333222985
1584.3376379259,0.6171952486
1585.3020517591,0.6024209261
1586.2664655922,0.5890763998
1587.2308794253,0.5772228837
1588.1952932584,0.5668766499
1589.1597070915,0.5580382943
1590.1241209247,0.5506685376
1591.0885347578,0.5446833968
1592.0529485909,0.5399932861
1593.0173624240,0.5365141630
1593.9817762571,0.5342014432
1594.9461900902,0.5330500007
1595.9106039234,0.5331181288
1596.8750177565,0.5344642401
1597.8394315896,0.5371861458
1598.8038454227,0.5413022637
1599.7682592558,0.5468388796
1600.7326730890,0.5537322760
1601.6970869221,0.5619186163
1602.6615007552,0.5713336468
1603.6259145883,0.5819289088
1604.5903284214,0.5936820507
1605.5547422546,0.6066284180
1606.5191560877,0.6207715273
1607.4835699208,0.6361462474
1608.4479837539,0.6527448297
1609.4123975870,0.6705433130
1610.3768114201,0.6895174384
1611.3412252533,0.7096636295
1612.3056390864,0.7309675813
1613.2700529195,0.7534458637
1614.2344667526,0.7771093249
1615.1988805857,0.8020105362
1616.1632944189,0.8280908465
1617.1277082520,0.8553282619
1618.0921220851,0.8836746216
1619.0565359182,0.9130718112
1620.0209497513,0.9434937835
1620.9853635845,0.9748827219
1621.9497774176,1.0071016550
1622.9141912507,1.0400080681
1623.8786050838,1.0733482838
1624.8430189169,1.1068109274
1625.8074327500,1.1401009560
1626.7718465832,1.1728756428
1627.7362604163,1.2049092054
1628.7006742494,1.2360502481
1629.6650880825,1.2663115263
1630.6295019156,1.2958012819
1631.5939157488,1.3247073889
1632.5583295819,1.3532767296
1633.5227434150,1.3817455769
1634.4871572481,1.4103248119
1635.4515710812,1.4391778708
1636.4159849143,1.4684432745
1637.3803987475,1.4982500076
1638.3448125806,1.5287437439
1639.3092264137,1.5600439310
1640.2736402468,1.5923284292
1641.2380540799,1.6257646084
1642.2024679131,1.6604820490
1643.1668817462,1.6965255737
1644.1312955793,1.7337552309
1645.0957094124,1.7717769146
1646.0601232455,1.8099479675
1647.0245370787,1.8474310637
1647.9889509118,1.8832353354
1648.9533647449,1.9163118601
1649.9177785780,1.9455057383
1650.8821924111,1.9696769714
1651.8466062442,1.9876010418
1652.8110200774,1.9980796576
1653.7754339105,2.0000000000
1654.7398477436,1.9925303459
1655.7042615767,1.9751356840
1656.6686754098,1.9476779699
1657.6330892430,1.9104042053
1658.5975030761,1.8639945984
1659.5619169092,1.8095089197
1660.5263307423,1.7483763695
1661.4907445754,1.6822642088
1662.4551584086,1.6129130125
1663.4195722417,1.5420212746
1664.3839860748,1.4711343050
1665.3483999079,1.4015381336
1666.3128137410,1.3341857195
1667.2772275741,1.2697442770
1668.2416414073,1.2085690498
1669.2060552404,1.1507453918
1670.1704690735,1.0962214470
1671.1348829066,1.0447602272
1672.0992967397,0.9960720539
1673.0637105729,0.9498036504
1674.0281244060,0.9055646062
1674.9925382391,0.8629430532
1675.9569520722,0.8215460181
1676.9213659053,0.7809859514
1677.8857797385,0.7409520149
1678.8501935716,0.7011598349
1679.8146074047,0.6614412069
1680.7790212378,0.6216775775
1681.7434350709,0.5818741918
1682.7078489040,0.5420914888
1683.6722627372,0.5024060011
1684.6366765703,0.4629078507
1685.6010904034,0.4236931503
1686.5655042365,0.3849327266
1687.5299180696,0.3467873037
1688.4943319028,0.3094890118
1689.4587457359,0.2732668221
1690.4231595690,0.2383784652
1691.3875734021,0.2050864995
1692.3519872352,0.1736478209
1693.3164010684,0.1442765743
1694.2808149015,0.1170967743
1695.2452287346,0.0921529755
1696.2096425677,0.0694422945
1697.1740564008,0.0489383973
1698.1384702339,0.0306072608
1699.1028840671,0.0143515607
1700.0672979002,-0.0000000000
1701.0317117333,-0.0126767289
1701.9961255664,-0.0239156280
1702.9605393995,-0.0339139290
1703.9249532327,-0.0428214259
1704.8893670658,-0.0507644266
1705.8537808989,-0.0578642711
1706.8181947320,-0.0642265975
1707.7826085651,-0.0699306652
1708.7470223982,-0.0750583261
1709.7114362314,-0.0796624273
1710.6758500645,-0.0837721676
1711.6402638976,-0.0874142125
1712.6046777307,-0.0905850828
1713.5690915638,-0.0932577550
1714.5335053970,-0.0954476967
1715.4979192301,-0.0971493572
1716.4623330632,-0.0983914807
1717.4267468963,-0.0992236659
1718.3911607294,-0.0997372419
1719.3555745626,-0.0999900401
1720.3199883957,-0.1000698507
1721.2844022288,-0.1000565365
1722.2488160619,-0.1000248566
1723.2132298950,-0.1000380665
1724.1776437281,-0.1001319513
1725.1420575613,-0.1002936289
1726.1064713944,-0.1004812568
1727.0708852275,-0.1006293073
1728.0352990606,-0.1006802097
1728.9997128937,-0.1005857587
1729.9641267269,-0.1003189981
1730.9285405600,-0.0998822227
1731.8929543931,-0.0993003771
1732.8573682262,-0.0986314788
1733.8217820593,-0.0979532078
1734.7861958925,-0.0973123685
1735.7506097256,-0.0967353657
1736.7150235587,-0.0962270424
1737.6794373918,-0.0957670510
1738.6438512249,-0.0953669026
1739.6082650580,-0.0950555876
1740.5726788912,-0.0948635936
1741.5370927243,-0.0948214680
1742.5015065574,-0.0949293822
1743.4659203905,-0.0951915383
1744.4303342236,-0.0955791250
1745.3947480568,-0.0960502699
1746.3591618899,-0.0965605080
1747.3235757230,-0.0970483124
1748.2879895561,-0.0974733233
1749.2524033892,-0.0978216752
1750.2168172224,-0.0980966389
1751.1812310555,-0.0983013362
1752.1456448886,-0.0984598100
1753.1100587217,-0.0985575691
1754.0744725548,-0.0985931903
1755.0388863879,-0.0985599831
1756.0033002211,-0.0984896719
1756.9677140542,-0.0984042138
1757.9321278873,-0.0983540043
1758.8965417204,-0.0983564481
1759.8609555535,-0.0984170362
1760.8253693867,-0.0985419676
1761.7897832198,-0.0987261534
1762.7541970529,-0.0989710391
1763.7186108860,-0.0992600992
1764.6830247191,-0.0995793790
1765.6474385523,-0.0999142975
1766.6118523854,-0.1002563909
1767.5762662185,-0.1006085575
1768.5406800516,-0.1009685323
1769.5050938847,-0.1013116464
1770.4695077178,-0.1016033292
1771.4339215510,-0.1018189415
1772.3983353841,-0.1019443050
1773.3627492172,-0.1019730195
1774.3271630503,-0.1019208282
1775.2915768834,-0.1018059254
1776.2559907166,-0.1016570181
1777.2204045497,-0.1015081480
1778.1848183828,-0.1013816521
1779.1492322159,-0.1012795493
1780.1136460490,-0.1011960059
1781.0780598821,-0.1011113748
1782.0424737153,-0.1010000408
1783.0068875484,-0.1008496135
1783.9713013815,-0.1006582379
1784.9357152146,-0.1004339755
1785.9001290477,-0.1002053171
1786.8645428809,-0.0999960899
1787.8289567140,-0.0998234972
1788.7933705471,-0.0997001827
1789.7577843802,-0.0996303186
1790.7221982133,-0.0996142179
1791.6866120465,-0.0996350795
1792.6510258796,-0.0996826142
1793.6154397127,-0.0997278392
1794.5798535458,-0.0997369513
1795.5442673789,-0.0996780097
1796.5086812120,-0.0995362699
1797.4730950452,-0.0993274674
1798.4375088783,-0.0990866348
1799.4019227114,-0.0988707244
1800.3663365445,-0.0987432972
1801.3307503776,-0.0987540334
1802.2951642108,-0.0989406332
1803.2595780439,-0.0992885455
1804.2239918770,-0.0997587368
1805.1884057101,-0.1002897471
1806.1528195432,-0.1008082405
1807.1172333764,-0.1012383252
1808.0816472095,-0.1015332043
1809.0460610426,-0.1016534269
1810.0104748757,-0.1015971527
1810.9748887088,-0.1013876572
1811.9393025419,-0.1010547653
1812.9037163751,-0.1006440893
1813.8681302082,-0.1002110988
1814.8325440413,-0.0998079404
1815.7969578744,-0.0994860679
1816.7613717075,-0.0992850885
1817.7257855407,-0.0992320254
1818.6901993738,-0.0993334278
1819.6546132069,-0.0995859280
1820.6190270400,-0.0999617353
1821.5834408731,-0.1004357412
1822.5478547063,-0.1009670421
1823.5122685394,-0.1015221030
1824.4766823725,-0.1020627916
1825.4410962056,-0.1025556251
1826.4055100387,-0.1029663980
1827.3699238718,-0.1032681689
1828.3343377050,-0.1034451574
1829.2987515381,-0.1035053954
1830.2631653712,-0.1034707204
1831.2275792043,-0.1033833772
1832.1919930374,-0.1032821983
1833.1564068706,-0.1031953841
1834.1208207037,-0.1031517908
1835.0852345368,-0.1031638160
1836.0496483699,-0.1032333449
1837.0140622030,-0.1033365652
1837.9784760362,-0.1034602523
1838.9428898693,-0.1035773382
1839.9073037024,-0.1036792770
1840.8717175355,-0.1037668213
1841.8361313686,-0.1038401797
1842.8005452017,-0.1039254367
1843.7649590349,-0.1040420756
1844.7293728680,-0.1042055488
1845.6937867011,-0.1044165790
1846.6582005342,-0.1046552658
1847.6226143673,-0.1049068570
1848.5870282005,-0.1051533222
1849.5514420336,-0.1053813174
1850.5158558667,-0.1055894569
1851.4802696998,-0.1057737470
1852.4446835329,-0.1059374809
1853.4090973661,-0.1060852706
1854.3735111992,-0.1062243730
1855.3379250323,-0.1063653156
1856.3023388654,-0.1065140218
1857.2667526985,-0.1066790521
1858.2311665316,-0.1068656743
1859.1955803648,-0.1070685908
1860.1599941979,-0.1072864830
1861.1244080310,-0.1075088009
1862.0888218641,-0.1077283099
1863.0532356972,-0.1079232618
1864.0176495304,-0.1080844700
1864.9820633635,-0.1081935316
1865.9464771966,-0.1082459092
1866.9108910297,-0.1082456782
1867.8753048628,-0.1082048565
1868.8397186959,-0.1081373990
1869.8041325291,-0.1080572382
1870.7685463622,-0.1079775468
1871.7329601953,-0.1079094782
1872.6973740284,-0.1078417152
1873.6617878615,-0.1077675745
1874.6262016947,-0.1076823995
1875.5906155278,-0.1075716466
1876.5550293609,-0.1074247435
1877.5194431940,-0.1072304323
1878.4838570271,-0.1069807410
1879.4482708603,-0.1066822037
1880.4126846934,-0.1063459739
1881.3770985265,-0.1059865206
1882.3415123596,-0.1056374684
1883.3059261927,-0.1053232253
1884.2703400258,-0.1050662398
1885.2347538590,-0.1048777774
1886.1991676921,-0.1047545969
1887.1635815252,-0.1047014296
1888.1279953583,-0.1047012284
1889.0924091914,-0.1047528163
1890.0568230246,-0.1048470438
1891.0212368577,-0.1049780101
1891.9856506908,-0.1051403955
1892.9500645239,-0.1053334922
1893.9144783570,-0.1055519655
1894.8788921902,-0.1057911217
1895.8433060233,-0.1060443148
1896.8077198564,-0.1062811092
1897.7721336895,-0.1064756587
1898.7365475226,-0.1065975279
1899.7009613557,-0.1066321507
1900.6653751889,-0.1065880805
1901.6297890220,-0.1064798757
1902.5942028551,-0.1063313633
1903.5586166882,-0.1061762869
1904.5230305213,-0.1060345545
1905.4874443545,-0.1059333012
1906.4518581876,-0.1058818400
1907.4162720207,-0.1058966592
1908.3806858538,-0.1059830189
1909.3450996869,-0.1061421707
1910.3095135201,-0.1063608378
1911.2739273532,-0.1066244096
1912.2383411863,-0.1069070622
1913.2027550194,-0.1071869507
1914.1671688525,-0.1074317023
1915.1315826856,-0.1076228395
1916.0959965188,-0.1077439412
1917.0604103519,-0.1077878699
1918.0248241850,-0.1077501401
1918.9892380181,-0.1076387987
1919.9536518512,-0.1074650958
1920.9180656844,-0.1072594151
1921.8824795175,-0.1070533767
1922.8468933506,-0.1068918407
1923.8113071837,-0.1068103984
1924.7757210168,-0.1068208590
1925.7401348500,-0.1069198623
1926.7045486831,-0.1070934385
1927.6689625162,-0.1073223948
1928.6333763493,-0.1075789630
1929.5977901824,-0.1078452989
1930.5622040155,-0.1081227809
1931.5266178487,-0.1083955839
1932.4910316818,-0.1086657792
1933.4554455149,-0.1089169309
1934.4198593480,-0.1091444492
1935.3842731811,-0.1093311906
1936.3486870143,-0.1094652489
1937.3131008474,-0.1095314100
1938.2775146805,-0.1095250472
1939.2419285136,-0.1094395518
1940.2063423467,-0.1092808694
1941.1707561798,-0.1090629026
1942.1351700130,-0.1087956056
1943.0995838461,-0.1084948480
1944.0639976792,-0.1081718504
1945.0284115123,-0.1078431085
1945.9928253454,-0.1075251028
1946.9572391786,-0.1072297022
1947.9216530117,-0.1069753617
1948.8860668448,-0.1067812219
1949.8504806779,-0.1066677272
1950.8148945110,-0.1066454202
1951.7793083442,-0.1067149639
1952.7437221773,-0.1068631485
1953.7081360104,-0.1070589423
1954.6725498435,-0.1072706804
1955.6369636766,-0.1074699461
1956.6013775097,-0.1076290086
1957.5657913429,-0.1077372804
1958.5302051760,-0.1078039855
1959.4946190091,-0.1078390107
1960.4590328422,-0.1078674868
1961.4234466753,-0.1079072878
1962.3878605085,-0.1079492643
1963.3522743416,-0.1079868972
1964.3166881747,-0.1080149710
1965.2811020078,-0.1080163717
1966.2455158409,-0.1079951003
1967.2099296741,-0.1079788953
1968.1743435072,-0.1079855710
1969.1387573403,-0.1080342382
1970.1031711734,-0.1081433073
1971.0675850065,-0.1083067358
1972.0319988396,-0.1085066274
1972.9964126728,-0.1087191030
1973.9608265059,-0.1089051589
1974.9252403390,-0.1090621278
1975.8896541721,-0.1091788113
1976.8540680052,-0.1092790365
1977.8184818384,-0.1093820557
1978.7828956715,-0.1095084324
1979.7473095046,-0.1096609086
1980.7117233377,-0.1098197401
1981.6761371708,-0.1099730954
1982.6405510040,-0.1101031527
1983.6049648371,-0.1102019697
1984.5693786702,-0.1102609113
1985.5337925033,-0.1102720127
1986.4982063364,-0.1102220342
1987.4626201695,-0.1100983843
1988.4270340027,-0.1098872274
1989.3914478358,-0.1096037477
1990.3558616689,-0.1092711315
1991.3202755020,-0.1089382991
1992.2846893351,-0.1086495519
1993.2491031683,-0.1084366366
1994.2135170014,-0.1083101183
1995.1779308345,-0.1082448885
1996.1423446676,-0.1082119048
1997.1067585007,-0.1081873775
1998.0711723339,-0.1081435829
1999.0355861670,-0.1080890968
2000.0000000001,-0.1080219299
