999.9028550560,-0.0652834699
1000.8672688891,-0.0556372069
1001.8316827223,-0.0470950082
1002.7960965554,-0.0401730649
1003.7605103885,-0.0346061215
1004.7249242216,-0.0297345929
1005.6893380547,-0.0250781458
1006.6537518879,-0.0205113124
1007.6181657210,-0.0160627738
1008.5825795541,-0.0115532968
1009.5469933872,-0.0063519832
1010.5114072203,0.0004265722
1011.4758210535,0.0093344040
1012.4402348866,0.0201349258
1013.4046487197,0.0317025594
1014.3690625528,0.0425819457
1015.3334763859,0.0517048538
1016.2978902190,0.0587343350
1017.2623040522,0.0639894158
1018.2267178853,0.0679827109
1019.1911317184,0.0709866360
1020.1555455515,0.0729581863
1021.1199593846,0.0735998377
1022.0843732178,0.0725602955
1023.0487870509,0.0694775060
1024.0132008840,0.0641184673
1024.9776147171,0.0566229820
1025.9420285502,0.0476972274
1026.9064423834,0.0386890247
1027.8708562165,0.0311182644
1028.8352700496,0.0262001380
1029.7996838827,0.0242859405
1030.7640977158,0.0248774048
1031.7285115489,0.0268310346
1032.6929253821,0.0288240947
1033.6573392152,0.0297059156
1034.6217530483,0.0288025867
1035.5861668814,0.0258846898
1036.5505807145,0.0212174878
1037.5149945477,0.0151379369
1038.4794083808,0.0080690263
1039.4438222139,0.0005126036
1040.4082360470,-0.0067749708
1041.3726498801,-0.0128796138
1042.3370637132,-0.0172707979
1043.3014775464,-0.0202281270
1044.2658913795,-0.0228664223
1045.2303052126,-0.0265765246
1046.1947190457,-0.0322581790
1047.1591328788,-0.0400225110
1048.1235467120,-0.0494608693
1049.0879605451,-0.0601681918
1050.0523743782,-0.0719365627
1051.0167882113,-0.0846082717
1051.9812020444,-0.0978140831
1052.9456158776,-0.1107402965
1053.9100297107,-0.1224531159
1054.8744435438,-0.1323126704
1055.8388573769,-0.1404175460
1056.8032712100,-0.1476101130
1057.7676850431,-0.1550536305
1058.7320988763,-0.1634416878
1059.6965127094,-0.1724194139
1060.6609265425,-0.1806981415
1061.6253403756,-0.1868189126
1062.5897542087,-0.1901221573
1063.5541680419,-0.1911222786
1064.5185818750,-0.1911025643
1065.4829957081,-0.1913642436
1066.4474095412,-0.1927264035
1067.4118233743,-0.1955027133
1068.3762372075,-0.1997379661
1069.3406510406,-0.2052260488
1070.3050648737,-0.2113808692
1071.2694787068,-0.2171557248
1072.2338925399,-0.2212601453
1073.1983063730,-0.2227173001
1074.1627202062,-0.2212153375
1075.1271340393,-0.2171396017
1076.0915478724,-0.2111174017
1077.0559617055,-0.2036577612
1078.0203755386,-0.1950635910
1078.9847893718,-0.1856879592
1079.9492032049,-0.1762334704
1080.9136170380,-0.1677342951
1081.8780308711,-0.1611564755
1082.8424447042,-0.1569696218
1083.8068585374,-0.1548976898
1084.7712723705,-0.1542058587
1085.7356862036,-0.1540983170
1086.7001000367,-0.1540947407
1087.6645138698,-0.1540158689
1088.6289277029,-0.1537846625
1089.5933415361,-0.1530982107
1090.5577553692,-0.1513453126
1091.5221692023,-0.1477122754
1092.4865830354,-0.1415198147
1093.4509968685,-0.1325402856
1094.4154107017,-0.1212361306
1095.3798245348,-0.1087902561
1096.3442383679,-0.0967906713
1097.3086522010,-0.0868719742
1098.2730660341,-0.0801238865
1099.2374798673,-0.0767256469
1100.2018937004,-0.0757542104
1101.1663075335,-0.0755445063
1102.1307213666,-0.0744135529
1103.0951351997,-0.0714472607
1104.0595490328,-0.0669646710
1105.0239628660,-0.0622741692
1105.9883766991,-0.0590013899
1106.9527905322,-0.0582719147
1107.9172043653,-0.0602434687
1108.8816181984,-0.0640485659
1109.8460320316,-0.0682228804
1110.8104458647,-0.0711837932
1111.7748596978,-0.0718326122
1112.7392735309,-0.0700134039
1113.7036873640,-0.0666312948
1114.6681011971,-0.0634803995
1115.6325150303,-0.0626182929
1116.5969288634,-0.0655541122
1117.5613426965,-0.0726068914
1118.5257565296,-0.0825668201
1119.4901703627,-0.0930716097
1120.4545841959,-0.1015062630
1121.4189980290,-0.1060713083
1122.3834118621,-0.1065068394
1123.3478256952,-0.1039545760
1124.3122395283,-0.1001853272
1125.2766533615,-0.0965612531
1126.2410671946,-0.0936164707
1127.2054810277,-0.0911108106
1128.1698948608,-0.0886660814
1129.1343086939,-0.0861371160
1130.0987225270,-0.0837425813
1131.0631363602,-0.0818660185
1132.0275501933,-0.0807960033
1132.9919640264,-0.0807529911
1133.9563778595,-0.0820147842
1134.9207916926,-0.0849541873
1135.8852055258,-0.0898185447
1136.8496193589,-0.0963246673
1137.8140331920,-0.1034079194
1138.7784470251,-0.1096308529
1139.7428608582,-0.1138804480
1140.7072746914,-0.1159989685
1141.6716885245,-0.1168288141
1142.6361023576,-0.1176066771
1143.6005161907,-0.1192753315
1144.5649300238,-0.1222595423
1145.5293438569,-0.1265915781
1146.4937576901,-0.1321674883
1147.4581715232,-0.1386664361
1148.4225853563,-0.1453912258
1149.3869991894,-0.1512395740
1150.3514130225,-0.1550159901
1151.3158268557,-0.1558153629
1152.2802406888,-0.1532720625
1153.2446545219,-0.1475061625
1154.2090683550,-0.1391073465
1155.1734821881,-0.1289341450
1156.1378960213,-0.1179508045
1157.1023098544,-0.1069674641
1158.0667236875,-0.0965056941
1159.0311375206,-0.0869454592
1159.9955513537,-0.0788137019
1160.9599651868,-0.0728685707
1161.9243790200,-0.0695940033
1162.8887928531,-0.0687121823
1163.8532066862,-0.0690312162
1164.8176205193,-0.0690061226
1165.7820343524,-0.0676851794
1166.7464481856,-0.0652565882
1167.7108620187,-0.0629391149
1168.6752758518,-0.0621576682
1169.6396896849,-0.0637259483
1170.6041035180,-0.0673912391
1171.5685173512,-0.0721014589
1172.5329311843,-0.0765105709
1173.4973450174,-0.0797170252
1174.4617588505,-0.0815469846
1175.4261726836,-0.0823589116
1176.3905865167,-0.0826600194
1177.3550003499,-0.0828016102
1178.3194141830,-0.0829037726
1179.2838280161,-0.0830328241
1180.2482418492,-0.0832604468
1181.2126556823,-0.0835203305
1182.1770695155,-0.0834558085
1183.1414833486,-0.0824915394
1184.1058971817,-0.0801310539
1185.0703110148,-0.0762004927
1186.0347248479,-0.0709776729
1186.9991386810,-0.0649877414
1187.9635525142,-0.0587576367
1188.9279663473,-0.0526440293
1189.8923801804,-0.0468548350
1190.8567940135,-0.0414689146
1191.8212078466,-0.0365902185
1192.7856216798,-0.0323800594
1193.7500355129,-0.0290194582
1194.7144493460,-0.0266392566
1195.6788631791,-0.0252304915
1196.6432770122,-0.0247591119
1197.6076908454,-0.0252681319
1198.5721046785,-0.0268453732
1199.5365185116,-0.0295535680
1200.5009323447,-0.0333031043
1201.4653461778,-0.0380312428
1202.4297600109,-0.0436698832
1203.3941738441,-0.0501760058
1204.3585876772,-0.0574994273
1205.3230015103,-0.0655845851
1206.2874153434,-0.0743597820
1207.2518291765,-0.0836744681
1208.2162430097,-0.0933135673
1209.1806568428,-0.1030637920
1210.1450706759,-0.1126347855
1211.1094845090,-0.1217541099
1212.0738983421,-0.1301869750
1213.0383121753,-0.1377308518
1214.0027260084,-0.1442943215
1214.9671398415,-0.1498397738
1215.9315536746,-0.1544263214
1216.8959675077,-0.1581310332
1217.8603813408,-0.1610596925
1218.8247951740,-0.1632570773
1219.7892090071,-0.1647213995
1220.7536228402,-0.1654401273
1221.7180366733,-0.1653899401
1222.6824505064,-0.1645654738
1223.6468643396,-0.1629846394
1224.6112781727,-0.1606994420
1225.5756920058,-0.1577940881
1226.5401058389,-0.1543492377
1227.5045196720,-0.1504885852
1228.4689335052,-0.1463608742
1229.4333473383,-0.1421345770
1230.3977611714,-0.1379961073
1231.3621750045,-0.1340942383
1232.3265888376,-0.1305293143
1233.2910026707,-0.1272977591
1234.2554165039,-0.1242974102
1235.2198303370,-0.1213149875
1236.1842441701,-0.1180941910
1237.1486580032,-0.1143428609
1238.1130718363,-0.1097616926
1239.0774856695,-0.1040836200
1240.0418995026,-0.0970648974
1241.0063133357,-0.0885047764
1241.9707271688,-0.0782652497
1242.9351410019,-0.0662871748
1243.8995548351,-0.0525902621
1244.8639686682,-0.0373053551
1245.8283825013,-0.0206278134
1246.7927963344,-0.0028838434
1247.7572101675,0.0155304549
1248.7216240006,0.0341616236
1249.6860378338,0.0525472462
1250.6504516669,0.0702517852
1251.6148655000,0.0868988559
1252.5792793331,0.1021730080
1253.5436931662,0.1158358678
1254.5081069994,0.1276616007
1255.4725208325,0.1374799311
1256.4369346656,0.1451618075
1257.4013484987,0.1506463140
1258.3657623318,0.1539316326
1259.3301761649,0.1551611722
1260.2945899981,0.1545858234
1261.2590038312,0.1526196599
1262.2234176643,0.1497770399
1263.1878314974,0.1466458589
1264.1522453305,0.1438695490
1265.1166591637,0.1420162916
1266.0810729968,0.1415234059
1267.0454868299,0.1426453888
1268.0099006630,0.1454127282
1268.9743144961,0.1496730745
1269.9387283293,0.1551163644
1270.9031421624,0.1613500416
1271.8675559955,0.1679099351
1272.8319698286,0.1743694544
1273.7963836617,0.1803504378
1274.7607974948,0.1855589151
1275.7252113280,0.1898389757
1276.6896251611,0.1931475997
1277.6540389942,0.1955529004
1278.6184528273,0.1971588135
1279.5828666604,0.1981141269
1280.5472804936,0.1985030472
1281.5116943267,0.1983937174
1282.4761081598,0.1978148073
1283.4405219929,0.1967143118
1284.4049358260,0.1950510442
1285.3693496592,0.1927945167
1286.3337634923,0.1899088770
1287.2981773254,0.1864084750
1288.2625911585,0.1823506653
1289.2270049916,0.1778519452
1290.1914188247,0.1730485260
1291.1558326579,0.1681590676
1292.1202464910,0.1634004563
1293.0846603241,0.1589823961
1294.0490741572,0.1551020145
1295.0134879903,0.1519027203
1295.9779018235,0.1495063901
1296.9423156566,0.1479560435
1297.9067294897,0.1473000497
1298.8711433228,0.1475312561
1299.8355571559,0.1486407071
1300.7999709891,0.1506140530
1301.7643848222,0.1534208208
1302.7287986553,0.1570180058
1303.6932124884,0.1613177806
1304.6576263215,0.1662036479
1305.6220401546,0.1715322137
1306.5864539878,0.1771798134
1307.5508678209,0.1830156147
1308.5152816540,0.1889661252
1309.4796954871,0.1949757636
1310.4441093202,0.2010051310
1311.4085231534,0.2070327103
1312.3729369865,0.2130154669
1313.3373508196,0.2189140022
1314.3017646527,0.2246745080
1315.2661784858,0.2302970290
1316.2305923190,0.2358048260
1317.1950061521,0.2412642241
1318.1594199852,0.2467702329
1319.1238338183,0.2524196208
1320.0882476514,0.2583163679
1321.0526614845,0.2645106316
1322.0170753177,0.2710830569
1322.9814891508,0.2780444324
1323.9459029839,0.2853875756
1324.9103168170,0.2930766344
1325.8747306501,0.3010363281
1326.8391444833,0.3091788292
1327.8035583164,0.3173840642
1328.7679721495,0.3255176246
1329.7323859826,0.3334683478
1330.6967998157,0.3411269486
1331.6612136488,0.3484324515
1332.6256274820,0.3553292751
1333.5900413151,0.3618174791
1334.5544551482,0.3679149449
1335.5188689813,0.3736683130
1336.4832828144,0.3791348934
1337.4476966476,0.3843630850
1338.4121104807,0.3893761933
1339.3765243138,0.3941634893
1340.3409381469,0.3986281455
1341.3053519800,0.4026178718
1342.2697658132,0.4058996141
1343.2341796463,0.4081740677
1344.1985934794,0.4091150165
1345.1630073125,0.4084142148
1346.1274211456,0.4058207273
1347.0918349787,0.4012126923
1348.0562488119,0.3946420252
1349.0206626450,0.3863471746
1349.9850764781,0.3767905235
1350.9494903112,0.3665868342
1351.9139041443,0.3565157950
1352.8783179775,0.3473373353
1353.8427318106,0.3397629857
1354.8071456437,0.3343448043
1355.7715594768,0.3314251006
1356.7359733099,0.3311580420
1357.7003871431,0.3335042000
1358.6648009762,0.3382861018
1359.6292148093,0.3451865315
1360.5936286424,0.3537861109
1361.5580424755,0.3635434806
1362.5224563086,0.3738027215
1363.4868701418,0.3838988841
1364.4512839749,0.3931956291
1365.4156978080,0.4012090862
1366.3801116411,0.4076166451
1367.3445254742,0.4123555422
1368.3089393074,0.4155817032
1369.2733531405,0.4176106155
1370.2377669736,0.4188921452
1371.2021808067,0.4199711084
1372.1665946398,0.4213601649
1373.1310084730,0.4235342443
1374.0954223061,0.4268572032
1375.0598361392,0.4315459132
1376.0242499723,0.4377150834
1376.9886638054,0.4453521669
1377.9530776385,0.4543908238
1378.9174914717,0.4647199810
1379.8819053048,0.4761908054
1380.8463191379,0.4886635840
1381.8107329710,0.5020110011
1382.7751468041,0.5161201358
1383.7395606373,0.5308942199
1384.7039744704,0.5463045835
1385.6683883035,0.5623673797
1386.6328021366,0.5791614056
1387.5972159697,0.5968390703
1388.5616298029,0.6155490875
1389.5260436360,0.6354617476
1390.4904574691,0.6567097306
1391.4548713022,0.6793807745
1392.4192851353,0.7035090327
1393.3836989684,0.7291086912
1394.3481128016,0.7561333179
1395.3125266347,0.7845111489
1396.2769404678,0.8141561151
1397.2413543009,0.8448961973
1398.2057681340,0.8765969276
1399.1701819672,0.9090451002
1400.1345958003,0.9420650601
1401.0990096334,0.9754505754
1402.0634234665,1.0090010166
1403.0278372996,1.0424869061
1403.9922511328,1.0756071806
1404.9566649659,1.1079549789
1405.9210787990,1.1390678883
1406.8854926321,1.1683543921
1407.8499064652,1.1951818466
1408.8143202983,1.2189140320
1409.7787341315,1.2389234304
1410.7431479646,1.2546671629
1411.7075617977,1.2657508850
1412.6719756308,1.2719361782
1413.6363894639,1.2732176781
1414.6008032971,1.2697943449
1415.5652171302,1.2620748281
1416.5296309633,1.2506918907
1417.4940447964,1.2363909483
1418.4584586295,1.2200019360
1419.4228724626,1.2023887634
1420.3872862958,1.1844083071
1421.3517001289,1.1668685675
1422.3161139620,1.1504993439
1423.2805277951,1.1359188557
1424.2449416282,1.1236342192
1425.2093554614,1.1140023470
1426.1737692945,1.1072900295
1427.1381831276,1.1036248207
1428.1025969607,1.1030315161
1429.0670107938,1.1054619551
1430.0314246270,1.1107617617
1430.9958384601,1.1186659336
1431.9602522932,1.1288284063
1432.9246661263,1.1407473087
1433.8890799594,1.1538671255
1434.8534937925,1.1675406694
1435.8179076257,1.1811659336
1436.7823214588,1.1941423416
1437.7467352919,1.2060272694
1438.7111491250,1.2165015936
1439.6755629581,1.2253752947
1440.6399767913,1.2326288223
1441.6043906244,1.2383302450
1442.5688044575,1.2426228523
1443.5332182906,1.2457234859
1444.4976321237,1.2478258610
1445.4620459569,1.2490698099
1446.4264597900,1.2495393753
1447.3908736231,1.2491987944
1448.3552874562,1.2479352951
1449.3197012893,1.2455568314
1450.2841151224,1.2418270111
1451.2485289556,1.2364913225
1452.2129427887,1.2293506861
1453.1773566218,1.2203191519
1454.1417704549,1.2094433308
1455.1061842880,1.1968882084
1456.0705981212,1.1829241514
1457.0350119543,1.1678239107
1457.9994257874,1.1519224644
1458.9638396205,1.1354796886
1459.9282534536,1.1187806129
1460.8926672868,1.1020690203
1461.8570811199,1.0855151415
1462.8214949530,1.0692427158
1463.7859087861,1.0532623529
1464.7503226192,1.0374737978
1465.7147364523,1.0216888189
1466.6791502855,1.0055955648
1467.6435641186,0.9888051748
1468.6079779517,0.9708335996
1469.5723917848,0.9511413574
1470.5368056179,0.9291943908
1471.5012194511,0.9044765234
1472.4656332842,0.8766758442
1473.4300471173,0.8456937671
1474.3944609504,0.8117633462
1475.3588747835,0.7753953934
1476.3232886167,0.7373659611
1477.2877024498,0.6985908747
1478.2521162829,0.6600416303
1479.2165301160,0.6226664186
1480.1809439491,0.5872985721
1481.1453577822,0.5546155572
1482.1097716154,0.5251300931
1483.0741854485,0.4991862774
1484.0385992816,0.4769704640
1485.0030131147,0.4585418403
1485.9674269478,0.4438286722
1486.9318407810,0.4326481819
1487.8962546141,0.4247440696
1488.8606684472,0.4198026359
1489.8250822803,0.4174869657
1490.7894961134,0.4174923301
1491.7539099465,0.4195445478
1492.7183237797,0.4234482050
1493.6827376128,0.4290456176
1494.6471514459,0.4361934066
1495.6115652790,0.4447320104
1496.5759791121,0.4545324147
1497.5403929453,0.4654691517
1498.5048067784,0.4774454534
1499.4692206115,0.4904469252
1500.4336344446,0.5044807792
1501.3980482777,0.5196330547
1502.3624621109,0.5360220671
1503.3268759440,0.5537946820
1504.2912897771,0.5730585456
1505.2557036102,0.5938996673
1506.2201174433,0.6163395047
1507.1845312764,0.6403350830
1508.1489451096,0.6657788754
1509.1133589427,0.6926027536
1510.0777727758,0.7206704617
1511.0421866089,0.7498853207
1512.0066004420,0.7801468372
1512.9710142752,0.8113296032
1513.9354281083,0.8433225155
1514.8998419414,0.8760001063
1515.8642557745,0.9092118144
1516.8286696076,0.9427927136
1517.7930834408,0.9766138196
1518.7574972739,1.0106105804
1519.7219111070,1.0447649956
1520.6863249401,1.0790663958
1521.6507387732,1.1135793924
1522.6151526063,1.1483037472
1523.5795664395,1.1832216978
1524.5439802726,1.2182687521
1525.5083941057,1.2533158064
1526.4728079388,1.2882480621
1527.4372217719,1.3229618073
1528.4016356051,1.3573707342
1529.3660494382,1.3914642334
1530.3304632713,1.4252101183
1531.2948771044,1.4585579634
1532.2592909375,1.4914721251
1533.2237047707,1.5238844156
1534.1881186038,1.5557949543
1535.1525324369,1.5871677399
1536.1169462700,1.6180458069
1537.0813601031,1.6484650373
1538.0457739362,1.6783968210
1539.0101877694,1.7077693939
1539.9746016025,1.7364284992
1540.9390154356,1.7641772032
1541.9034292687,1.7907824516
1542.8678431018,1.8160219193
1543.8322569350,1.8396375179
1544.7966707681,1.8613640070
1545.7610846012,1.8809577227
1546.7254984343,1.8981783390
1547.6899122674,1.9128179550
1548.6543261006,1.9247118235
1549.6187399337,1.9337092638
1550.5831537668,1.9397279024
1551.5475675999,1.9426672459
1552.5119814330,1.9424450397
1553.4763952661,1.9390072823
1554.4408090993,1.9323613644
1555.4052229324,1.9225682020
1556.3696367655,1.9097495079
1557.3340505986,1.8941097260
1558.2984644317,1.8758244514
1559.2628782649,1.8550908566
1560.2272920980,1.8321026564
1561.1917059311,1.8070495129
1562.1561197642,1.7801396847
1563.1205335973,1.7516094446
1564.0849474304,1.7216992378
1565.0493612636,1.6906920671
1566.0137750967,1.6588677168
1566.9781889298,1.6265306473
1567.9426027629,1.5939964056
1568.9070165960,1.5615482330
1569.8714304292,1.5294585228
1570.8358442623,1.4979997873
1571.8002580954,1.4673762321
1572.7646719285,1.4378029108
1573.7290857616,1.4094448090
1574.6934995948,1.3824489117
1575.6579134279,1.3569118977
1576.6223272610,1.3329163790
1577.5867410941,1.3104836941
1578.5511549272,1.2896245718
1579.5155687603,1.2703822851
1580.4799825935,1.2527422905
1581.4443964266,1.2367296219
1582.4088102597,1.2224018574
1583.3732240928,1.2098340988
1584.3376379259,1.1991195679
1585.3020517591,1.1903480291
1586.2664655922,1.1835013628
1587.2308794253,1.1785759926
1588.1952932584,1.1754537821
1589.1597070915,1.1740486622
1590.1241209247,1.1742924452
1591.0885347578,1.1762317419
1592.0529485909,1.1800385714
1593.0173624240,1.1860105991
1593.9817762571,1.1946388483
1594.9461900902,1.2063964605
1595.9106039234,1.2217745781
1596.8750177565,1.2410777807
1597.8394315896,1.2644640207
1598.8038454227,1.2918148041
1599.7682592558,1.3228542805
1600.7326730890,1.3571197987
1601.6970869221,1.3940954208
1602.6615007552,1.4332540035
1603.6259145883,1.4740759134
1604.5903284214,1.5160448551
1605.5547422546,1.5586374998
1606.5191560877,1.6013163328
1607.4835699208,1.6435576677
1608.4479837539,1.6848168373
1609.4123975870,1.7245849371
1610.3768114201,1.7624315023
1611.3412252533,1.7980127335
1612.3056390864,1.8310846090
1613.2700529195,1.8614751101
1614.2344667526,1.8890553713
1615.1988805857,1.9137320518
1616.1632944189,1.9353760481
1617.1277082520,1.9538656473
1618.0921220851,1.9691721201
1619.0565359182,1.9812594652
1620.0209497513,1.9902856350
1620.9853635845,1.9963436127
1621.9497774176,1.9995770454
1622.9141912507,2.0000000000
1623.8786050838,1.9975624084
1624.8430189169,1.9920850992
1625.8074327500,1.9833816290
1626.7718465832,1.9712727070
1627.7362604163,1.9557009935
1628.7006742494,1.9366952181
1629.6650880825,1.9144704342
1630.6295019156,1.8893277645
1631.5939157488,1.8616830111
1632.5583295819,1.8320667744
1633.5227434150,1.8009808064
1634.4871572481,1.7689341307
1635.4515710812,1.7363497019
1636.4159849143,1.7035430670
1637.3803987475,1.6707651615
1638.3448125806,1.6382166147
1639.3092264137,1.6061197519
1640.2736402468,1.5747755766
1641.2380540799,1.5445713997
1642.2024679131,1.5159444809
1643.1668817462,1.4893320799
1644.1312955793,1.4651788473
1645.0957094124,1.4437928200
1646.0601232455,1.4253678322
1647.0245370787,1.4099609852
1647.9889509118,1.3975007534
1648.9533647449,1.3878581524
1649.9177785780,1.3808393478
1650.8821924111,1.3763155937
1651.8466062442,1.3740859032
1652.8110200774,1.3739424944
1653.7754339105,1.3755770922
1654.7398477436,1.3786383867
1655.7042615767,1.3827320337
1656.6686754098,1.3874350786
1657.6330892430,1.3923532963
1658.5975030761,1.3970921040
1659.5619169092,1.4013650417
1660.5263307423,1.4049282074
1661.4907445754,1.4076381922
1662.4551584086,1.4093731642
1663.4195722417,1.4100542068
1664.3839860748,1.4096742868
1665.3483999079,1.4081901312
1666.3128137410,1.4055519104
1667.2772275741,1.4017449617
1668.2416414073,1.3966619968
1669.2060552404,1.3901880980
1670.1704690735,1.3821728230
1671.1348829066,1.3724370003
1672.0992967397,1.3607367277
1673.0637105729,1.3468641043
1674.0281244060,1.3305611610
1674.9925382391,1.3115912676
1675.9569520722,1.2896640301
1676.9213659053,1.2645608187
1677.8857797385,1.2359769344
1678.8501935716,1.2036757469
1679.8146074047,1.1674959660
1680.7790212378,1.1273622513
1681.7434350709,1.0833429098
1682.7078489040,1.0355918407
1683.6722627372,0.9843530655
1684.6366765703,0.9298808575
1685.6010904034,0.8724728227
1686.5655042365,0.8125089407
1687.5299180696,0.7504014969
1688.4943319028,0.6866522431
1689.4587457359,0.6218025088
1690.4231595690,0.5564652681
1691.3875734021,0.4912678301
1692.3519872352,0.4268625677
1693.3164010684,0.3638804555
1694.2808149015,0.3028770387
1695.2452287346,0.2443470210
1696.2096425677,0.1887026429
1697.1740564008,0.1362593621
1698.1384702339,0.0872644857
1699.1028840671,0.0418399237
1700.0672979002,0.0000000000
1701.0317117333,-0.0383556522
1701.9961255664,-0.0734026805
1702.9605393995,-0.1053310782
1703.9249532327,-0.1343379915
1704.8893670658,-0.1606384963
1705.8537808989,-0.1844333410
1706.8181947320,-0.2058874071
1707.7826085651,-0.2251799554
1708.7470223982,-0.2424615026
1709.7114362314,-0.2578933835
1710.6758500645,-0.2716297209
1711.6402638976,-0.2838318348
1712.6046777307,-0.2946305573
1713.5690915638,-0.3041388392
1714.5335053970,-0.3124623597
1715.4979192301,-0.3196872175
1716.4623330632,-0.3258850574
1717.4267468963,-0.3311491013
1718.3911607294,-0.3356424272
1719.3555745626,-0.3394761980
1720.3199883957,-0.3428314328
1721.2844022288,-0.3458335698
1722.2488160619,-0.3486206234
1723.2132298950,-0.3512427807
1724.1776437281,-0.3537323177
1725.1420575613,-0.3560605645
1726.1064713944,-0.3581934273
1727.0708852275,-0.3600896895
1728.0352990606,-0.3617350459
1728.9997128937,-0.3631491661
1729.9641267269,-0.3643554151
1730.9285405600,-0.3654003441
1731.8929543931,-0.3663305342
1732.8573682262,-0.3672052026
1733.8217820593,-0.3680744767
1734.7861958925,-0.3689455390
1735.7506097256,-0.3697986901
1736.7150235587,-0.3705998659
1737.6794373918,-0.3712845147
1738.6438512249,-0.3718437254
1739.6082650580,-0.3722953796
1740.5726788912,-0.3726896942
1741.5370927243,-0.3730553389
1742.5015065574,-0.3734084070
1743.4659203905,-0.3737418056
1744.4303342236,-0.3740375340
1745.3947480568,-0.3742382526
1746.3591618899,-0.3743081689
1747.3235757230,-0.3742077947
1748.2879895561,-0.3739120662
1749.2524033892,-0.3734299242
1750.2168172224,-0.3727900684
1751.1812310555,-0.3720247447
1752.1456448886,-0.3712002933
1753.1100587217,-0.3703328073
1754.0744725548,-0.3694653213
1755.0388863879,-0.3686049879
1756.0033002211,-0.3677912951
1756.9677140542,-0.3670510650
1757.9321278873,-0.3664273322
1758.8965417204,-0.3659362495
1759.8609555535,-0.3655885160
1760.8253693867,-0.3653824031
1761.7897832198,-0.3653125167
1762.7541970529,-0.3653671741
1763.7186108860,-0.3655526936
1764.6830247191,-0.3658493161
1765.6474385523,-0.3662355542
1766.6118523854,-0.3666737676
1767.5762662185,-0.3671334982
1768.5406800516,-0.3675672412
1769.5050938847,-0.3679302037
1770.4695077178,-0.3681730628
1771.4339215510,-0.3682743311
1772.3983353841,-0.3682295084
1773.3627492172,-0.3680520654
1774.3271630503,-0.3677930832
1775.2915768834,-0.3674919605
1776.2559907166,-0.3672096729
1777.2204045497,-0.3669865429
1778.1848183828,-0.3668324053
1779.1492322159,-0.3667239547
1780.1136460490,-0.3666155338
1781.0780598821,-0.3664703369
1782.0424737153,-0.3662489951
1783.0068875484,-0.3659532666
1783.9713013815,-0.3656037748
1784.9357152146,-0.3652372360
1785.9001290477,-0.3649101257
1786.8645428809,-0.3646601140
1787.8289567140,-0.3645050824
1788.7933705471,-0.3644495010
1789.7577843802,-0.3644808829
1790.7221982133,-0.3645722866
1791.6866120465,-0.3646905720
1792.6510258796,-0.3647990227
1793.6154397127,-0.3648491800
1794.5798535458,-0.3648133576
1795.5442673789,-0.3646547198
1796.5086812120,-0.3643589914
1797.4730950452,-0.3639485538
1798.4375088783,-0.3634476066
1799.4019227114,-0.3629188538
1800.3663365445,-0.3624447882
1801.3307503776,-0.3620997667
1802.2951642108,-0.3619617522
1803.2595780439,-0.3620612323
1804.2239918770,-0.3623865545
1805.1884057101,-0.3629108071
1806.1528195432,-0.3635524511
1807.1172333764,-0.3642174006
1808.0816472095,-0.3648160398
1809.0460610426,-0.3652515709
1810.0104748757,-0.3654756248
1810.9748887088,-0.3654675484
1811.9393025419,-0.3652578294
1812.9037163751,-0.3649119139
1813.8681302082,-0.3645220995
1814.8325440413,-0.3641735017
1815.7969578744,-0.3639449775
1816.7613717075,-0.3638643026
1817.7257855407,-0.3639360070
1818.6901993738,-0.3641421199
1819.6546132069,-0.3644495010
1820.6190270400,-0.3648178279
1821.5834408731,-0.3652237952
1822.5478547063,-0.3656467795
1823.5122685394,-0.3660706580
1824.4766823725,-0.3664784133
1825.4410962056,-0.3668566048
1826.4055100387,-0.3671747446
1827.3699238718,-0.3674041331
1828.3343377050,-0.3675062954
1829.2987515381,-0.3674650788
1830.2631653712,-0.3672867417
1831.2275792043,-0.3670053482
1832.1919930374,-0.3666845262
1833.1564068706,-0.3663843274
1834.1208207037,-0.3661817908
1835.0852345368,-0.3661190569
1836.0496483699,-0.3662122488
1837.0140622030,-0.3664434552
1837.9784760362,-0.3667750359
1838.9428898693,-0.3671371043
1839.9073037024,-0.3674865961
1840.8717175355,-0.3677876890
1841.8361313686,-0.3680216074
1842.8005452017,-0.3682098091
1843.7649590349,-0.3683872223
1844.7293728680,-0.3686059117
1845.6937867011,-0.3689052165
1846.6582005342,-0.3692941368
1847.6226143673,-0.3697619438
1848.5870282005,-0.3702673912
1849.5514420336,-0.3707477152
1850.5158558667,-0.3711465001
1851.4802696998,-0.3714171648
1852.4446835329,-0.3715345562
1853.4090973661,-0.3715013862
1854.3735111992,-0.3713490367
1855.3379250323,-0.3711223006
1856.3023388654,-0.3708794415
1857.2667526985,-0.3706805110
1858.2311665316,-0.3705711663
1859.1955803648,-0.3705864251
1860.1599941979,-0.3707486093
1861.1244080310,-0.3710649610
1862.0888218641,-0.3715094626
1863.0532356972,-0.3720292151
1864.0176495304,-0.3725588620
1864.9820633635,-0.3730275631
1865.9464771966,-0.3733716905
1866.9108910297,-0.3735715151
1867.8753048628,-0.3736405373
1868.8397186959,-0.3736172318
1869.8041325291,-0.3735320866
1870.7685463622,-0.3734263480
1871.7329601953,-0.3733295500
1872.6973740284,-0.3732372522
1873.6617878615,-0.3731628656
1874.6262016947,-0.3731207550
1875.5906155278,-0.3731225431
1876.5550293609,-0.3731888533
1877.5194431940,-0.3733143210
1878.4838570271,-0.3735096753
1879.4482708603,-0.3737623990
1880.4126846934,-0.3740518689
1881.3770985265,-0.3743484914
1882.3415123596,-0.3746307790
1883.3059261927,-0.3748772144
1884.2703400258,-0.3750752807
1885.2347538590,-0.3752186596
1886.1991676921,-0.3753064871
1887.1635815252,-0.3753647506
1888.1279953583,-0.3753934205
1889.0924091914,-0.3754203022
1890.0568230246,-0.3754391074
1891.0212368577,-0.3754561543
1891.9856506908,-0.3754570484
1892.9500645239,-0.3754203022
1893.9144783570,-0.3753360510
1894.8788921902,-0.3751864135
1895.8433060233,-0.3749838769
1896.8077198564,-0.3747221828
1897.7721336895,-0.3744309247
1898.7365475226,-0.3741280437
1899.7009613557,-0.3738242388
1900.6653751889,-0.3735383749
1901.6297890220,-0.3732811511
1902.5942028551,-0.3730526567
1903.5586166882,-0.3728501201
1904.5230305213,-0.3726691008
1905.4874443545,-0.3725149333
1906.4518581876,-0.3723867834
1907.4162720207,-0.3723151088
1908.3806858538,-0.3723124266
1909.3450996869,-0.3724100888
1910.3095135201,-0.3726081550
1911.2739273532,-0.3729065657
1912.2383411863,-0.3732704222
1913.2027550194,-0.3736736774
1914.1671688525,-0.3740778565
1915.1315826856,-0.3744551241
1916.0959965188,-0.3748010397
1917.0604103519,-0.3750949800
1918.0248241850,-0.3753485978
1918.9892380181,-0.3755403757
1919.9536518512,-0.3756559789
1920.9180656844,-0.3756855726
1921.8824795175,-0.3756174445
1922.8468933506,-0.3754534423
1923.8113071837,-0.3752204478
1924.7757210168,-0.3749426603
1925.7401348500,-0.3746719956
1926.7045486831,-0.3744542301
1927.6689625162,-0.3743323684
1928.6333763493,-0.3743341565
1929.5977901824,-0.3744685650
1930.5622040155,-0.3747248650
1931.5266178487,-0.3750788569
1932.4910316818,-0.3754955828
1933.4554455149,-0.3759158850
1934.4198593480,-0.3763173521
1935.3842731811,-0.3766596913
1936.3486870143,-0.3769195676
1937.3131008474,-0.3770790994
1938.2775146805,-0.3771176338
1939.2419285136,-0.3770208359
1940.2063423467,-0.3767932057
1941.1707561798,-0.3764553666
1942.1351700130,-0.3760413527
1943.0995838461,-0.3755995333
1944.0639976792,-0.3751747608
1945.0284115123,-0.3748028576
1945.9928253454,-0.3745151758
1946.9572391786,-0.3743153214
1947.9216530117,-0.3742203414
1948.8860668448,-0.3742293119
1949.8504806779,-0.3743502796
1950.8148945110,-0.3745814860
1951.7793083442,-0.3749139607
1952.7437221773,-0.3753199279
1953.7081360104,-0.3757608533
1954.6725498435,-0.3761963844
1955.6369636766,-0.3766041398
1956.6013775097,-0.3769652843
1957.5657913429,-0.3772923648
1958.5302051760,-0.3776051402
1959.4946190091,-0.3779143095
1960.4590328422,-0.3782216907
1961.4234466753,-0.3785147369
1962.3878605085,-0.3787558079
1963.3522743416,-0.3789108396
1964.3166881747,-0.3789780438
1965.2811020078,-0.3789583445
1966.2455158409,-0.3788714111
1967.2099296741,-0.3787656724
1968.1743435072,-0.3786733747
1969.1387573403,-0.3786231875
1970.1031711734,-0.3786491752
1971.0675850065,-0.3787710369
1972.0319988396,-0.3789914846
1972.9964126728,-0.3793257773
1973.9608265059,-0.3797541261
1974.9252403390,-0.3802730143
1975.8896541721,-0.3808546066
1976.8540680052,-0.3814720809
1977.8184818384,-0.3820868433
1978.7828956715,-0.3826630712
1979.7473095046,-0.3831559420
1980.7117233377,-0.3835197985
1981.6761371708,-0.3837259114
1982.6405510040,-0.3837662339
1983.6049648371,-0.3836604953
1984.5693786702,-0.3834310770
1985.5337925033,-0.3831263781
1986.4982063364,-0.3827831447
1987.4626201695,-0.3824327588
1988.4270340027,-0.3820939958
1989.3914478358,-0.3817892969
1990.3558616689,-0.3815347850
1991.3202755020,-0.3813600540
1992.2846893351,-0.3812991083
1993.2491031683,-0.3813618422
1994.2135170014,-0.3815652728
1995.1779308345,-0.3818780184
1996.1423446676,-0.3822687566
1997.1067585007,-0.3826854825
1998.0711723339,-0.3830609620
1999.0355861670,-0.3833593726
2000.0000000001,-0.3835386038
