999.9028550560,-0.0005299762
1000.8672688891,-0.0005299762
1001.8316827223,-0.0005299762
1002.7960965554,-0.0005299762
1003.7605103885,-0.0005299762
1004.7249242216,-0.0001683449
1005.6893380547,0.0002305603
1006.6537518879,0.0005515282
1007.6181657210,0.0007224878
1008.5825795541,0.0007331865
1009.5469933872,0.0006216821
1010.5114072203,0.0004493638
1011.4758210535,0.0002755578
1012.4402348866,0.0001289292
1013.4046487197,-0.0000024166
1014.3690625528,-0.0001585403
1015.3334763859,-0.0003847747
1016.2978902190,-0.0006985271
1017.2623040522,-0.0010787435
1018.2267178853,-0.0014734344
1019.1911317184,-0.0018175290
1020.1555455515,-0.0020476766
1021.1199593846,-0.0020976623
1022.0843732178,-0.0019048321
1023.0487870509,-0.0014271470
1024.0132008840,-0.0006892214
1024.9776147171,0.0001950666
1025.9420285502,0.0010383904
1026.9064423834,0.0016464925
1027.8708562165,0.0018990701
1028.8352700496,0.0017938698
1029.7996838827,0.0014198109
1030.7640977158,0.0009104247
1031.7285115489,0.0003821345
1032.6929253821,-0.0000761567
1033.6573392152,-0.0004018034
1034.6217530483,-0.0005476496
1035.5861668814,-0.0004974400
1036.5505807145,-0.0002892749
1037.5149945477,-0.0000209073
1038.4794083808,0.0001813232
1039.4438222139,0.0002198875
1040.4082360470,0.0000721145
1041.3726498801,-0.0002079324
1042.3370637132,-0.0005261917
1043.3014775464,-0.0008035897
1044.2658913795,-0.0010023456
1045.2303052126,-0.0011076318
1046.1947190457,-0.0010997626
1047.1591328788,-0.0009419273
1048.1235467120,-0.0006191190
1049.0879605451,-0.0001770824
1050.0523743782,0.0002654094
1051.0167882113,0.0005653624
1051.9812020444,0.0006281929
1052.9456158776,0.0004627123
1053.9100297107,0.0001717165
1054.8744435438,-0.0000998979
1055.8388573769,-0.0002222090
1056.8032712100,-0.0001152155
1057.7676850431,0.0002252669
1058.7320988763,0.0007134404
1059.6965127094,0.0011738687
1060.6609265425,0.0013981466
1061.6253403756,0.0012396582
1062.5897542087,0.0006996024
1063.5541680419,-0.0000621206
1064.5185818750,-0.0008152950
1065.4829957081,-0.0013777543
1066.4474095412,-0.0016775097
1067.4118233743,-0.0017163967
1068.3762372075,-0.0014796695
1069.3406510406,-0.0009086823
1070.3050648737,0.0000288459
1071.2694787068,0.0012239189
1072.2338925399,0.0023806123
1073.1983063730,0.0031169776
1074.1627202062,0.0031570555
1075.1271340393,0.0024887677
1076.0915478724,0.0013706730
1077.0559617055,0.0001757070
1078.0203755386,-0.0008074946
1078.9847893718,-0.0014947682
1079.9492032049,-0.0019705868
1080.9136170380,-0.0023543804
1081.8780308711,-0.0026781266
1082.8424447042,-0.0028498254
1083.8068585374,-0.0027162433
1084.7712723705,-0.0021621049
1085.7356862036,-0.0011833670
1086.7001000367,0.0000931344
1087.6645138698,0.0014439956
1088.6289277029,0.0026017551
1089.5933415361,0.0033216414
1090.5577553692,0.0034498996
1091.5221692023,0.0029698024
1092.4865830354,0.0020120027
1093.4509968685,0.0008089228
1094.4154107017,-0.0003833679
1095.3798245348,-0.0013485983
1096.3442383679,-0.0019526369
1097.3086522010,-0.0021502667
1098.2730660341,-0.0019885097
1099.2374798673,-0.0015936039
1100.2018937004,-0.0011335581
1101.1663075335,-0.0007478286
1102.1307213666,-0.0004857517
1103.0951351997,-0.0002950971
1104.0595490328,-0.0000963203
1105.0239628660,0.0001288859
1105.9883766991,0.0002950293
1106.9527905322,0.0002889574
1107.9172043653,0.0000832225
1108.8816181984,-0.0001960247
1109.8460320316,-0.0003418664
1110.8104458647,-0.0002256399
1111.7748596978,0.0000817603
1112.7392735309,0.0003368147
1113.7036873640,0.0002913053
1114.6681011971,-0.0001127128
1115.6325150303,-0.0006882022
1116.5969288634,-0.0011126638
1117.5613426965,-0.0011353255
1118.5257565296,-0.0007313974
1119.4901703627,-0.0000965955
1120.4545841959,0.0004918633
1121.4189980290,0.0008597252
1122.3834118621,0.0010231418
1123.3478256952,0.0011497658
1124.3122395283,0.0014050181
1125.2766533615,0.0018014079
1126.2410671946,0.0021396629
1127.2054810277,0.0021035497
1128.1698948608,0.0014589947
1129.1343086939,0.0002401500
1130.0987225270,-0.0012159937
1131.0631363602,-0.0024042334
1132.0275501933,-0.0029106827
1132.9919640264,-0.0026130173
1133.9563778595,-0.0017179834
1134.9207916926,-0.0006150252
1135.8852055258,0.0003393947
1136.8496193589,0.0009632441
1137.8140331920,0.0012449210
1138.7784470251,0.0012447105
1139.7428608582,0.0010065043
1140.7072746914,0.0005510727
1141.6716885245,-0.0000549008
1142.6361023576,-0.0006464256
1143.6005161907,-0.0009955644
1144.5649300238,-0.0009289756
1145.5293438569,-0.0004447670
1146.4937576901,0.0002713007
1147.4581715232,0.0009460561
1148.4225853563,0.0013685265
1149.3869991894,0.0014941057
1150.3514130225,0.0014292628
1151.3158268557,0.0013242600
1152.2802406888,0.0012570047
1153.2446545219,0.0011934001
1154.2090683550,0.0010405490
1155.1734821881,0.0007333632
1156.1378960213,0.0002932664
1157.1023098544,-0.0001894243
1158.0667236875,-0.0006099553
1159.0311375206,-0.0009014541
1159.9955513537,-0.0010535226
1160.9599651868,-0.0010933639
1161.9243790200,-0.0010630905
1162.8887928531,-0.0010050850
1163.8532066862,-0.0009568881
1164.8176205193,-0.0009472257
1165.7820343524,-0.0009785829
1166.7464481856,-0.0010160203
1167.7108620187,-0.0009907607
1168.6752758518,-0.0008169717
1169.6396896849,-0.0004406988
1170.6041035180,0.0001164929
1171.5685173512,0.0007330881
1172.5329311843,0.0012154517
1173.4973450174,0.0013730590
1174.4617588505,0.0011167619
1175.4261726836,0.0005230699
1176.3905865167,-0.0001778308
1177.3550003499,-0.0007026076
1178.3194141830,-0.0008437235
1179.2838280161,-0.0005601460
1180.2482418492,0.0000254617
1181.2126556823,0.0007049645
1182.1770695155,0.0012859107
1183.1414833486,0.0016439338
1184.1058971817,0.0017275128
1185.0703110148,0.0015317370
1186.0347248479,0.0010849106
1186.9991386810,0.0004563262
1187.9635525142,-0.0002356558
1188.9279663473,-0.0008411350
1189.8923801804,-0.0012231056
1190.8567940135,-0.0013116857
1191.8212078466,-0.0011247083
1192.7856216798,-0.0007611121
1193.7500355129,-0.0003653157
1194.7144493460,-0.0000769909
1195.6788631791,0.0000140406
1196.6432770122,-0.0001032481
1197.6076908454,-0.0003702996
1198.5721046785,-0.0006935511
1199.5365185116,-0.0009859103
1200.5009323447,-0.0011964272
1201.4653461778,-0.0013198262
1202.4297600109,-0.0013789758
1203.3941738441,-0.0013875461
1204.3585876772,-0.0013353074
1205.3230015103,-0.0012039398
1206.2874153434,-0.0009825043
1207.2518291765,-0.0006813863
1208.2162430097,-0.0003265710
1209.1806568428,0.0000450321
1210.1450706759,0.0003923003
1211.1094845090,0.0006876003
1212.0738983421,0.0009140280
1213.0383121753,0.0010657826
1214.0027260084,0.0011462569
1214.9671398415,0.0011637674
1215.9315536746,0.0011308665
1216.8959675077,0.0010612588
1217.8603813408,0.0009705026
1218.8247951740,0.0008754204
1219.7892090071,0.0007895367
1220.7536228402,0.0007225308
1221.7180366733,0.0006774947
1222.6824505064,0.0006539468
1223.6468643396,0.0006430370
1224.6112781727,0.0006276121
1225.5756920058,0.0005894604
1226.5401058389,0.0005109901
1227.5045196720,0.0003864861
1228.4689335052,0.0002216158
1229.4333473383,0.0000374850
1230.3977611714,-0.0001362308
1231.3621750045,-0.0002701954
1232.3265888376,-0.0003416306
1233.2910026707,-0.0003388742
1234.2554165039,-0.0002589719
1235.2198303370,-0.0001040996
1236.1842441701,0.0001164886
1237.1486580032,0.0003904252
1238.1130718363,0.0006965448
1239.0774856695,0.0010059840
1240.0418995026,0.0012840618
1241.0063133357,0.0014936632
1241.9707271688,0.0016061481
1242.9351410019,0.0016052318
1243.8995548351,0.0014904202
1244.8639686682,0.0012758357
1245.8283825013,0.0009854679
1246.7927963344,0.0006480254
1247.7572101675,0.0002915381
1248.7216240006,-0.0000615779
1249.6860378338,-0.0003949478
1250.6504516669,-0.0007028134
1251.6148655000,-0.0009846590
1252.5792793331,-0.0012446716
1253.5436931662,-0.0014855656
1254.5081069994,-0.0017026103
1255.4725208325,-0.0018802040
1256.4369346656,-0.0019924515
1257.4013484987,-0.0020080307
1258.3657623318,-0.0019025085
1259.3301761649,-0.0016630735
1260.2945899981,-0.0012981319
1261.2590038312,-0.0008371654
1262.2234176643,-0.0003272374
1263.1878314974,0.0001747662
1264.1522453305,0.0006108811
1265.1166591637,0.0009320942
1266.0810729968,0.0011068459
1267.0454868299,0.0011241804
1268.0099006630,0.0009981708
1268.9743144961,0.0007591401
1269.9387283293,0.0004512532
1270.9031421624,0.0001194483
1271.8675559955,-0.0001947479
1272.8319698286,-0.0004576800
1273.7963836617,-0.0006480630
1274.7607974948,-0.0007584367
1275.7252113280,-0.0007912728
1276.6896251611,-0.0007618936
1277.6540389942,-0.0006892200
1278.6184528273,-0.0005947787
1279.5828666604,-0.0004979165
1280.5472804936,-0.0004120503
1281.5116943267,-0.0003434233
1282.4761081598,-0.0002945605
1283.4405219929,-0.0002631685
1284.4049358260,-0.0002469180
1285.3693496592,-0.0002419585
1286.3337634923,-0.0002434295
1287.2981773254,-0.0002469984
1288.2625911585,-0.0002431586
1289.2270049916,-0.0002198094
1290.1914188247,-0.0001672178
1291.1558326579,-0.0000792095
1292.1202464910,0.0000439792
1293.0846603241,0.0001956823
1294.0490741572,0.0003650417
1295.0134879903,0.0005398933
1295.9779018235,0.0007098116
1296.9423156566,0.0008668245
1297.9067294897,0.0009999080
1298.8711433228,0.0010965638
1299.8355571559,0.0011434500
1300.7999709891,0.0011276982
1301.7643848222,0.0010450910
1302.7287986553,0.0009021900
1303.6932124884,0.0007167608
1304.6576263215,0.0005169983
1305.6220401546,0.0003276295
1306.5864539878,0.0001701258
1307.5508678209,0.0000547862
1308.5152816540,-0.0000203383
1309.4796954871,-0.0000641967
1310.4441093202,-0.0000902430
1311.4085231534,-0.0001100198
1312.3729369865,-0.0001268163
1313.3373508196,-0.0001409863
1314.3017646527,-0.0001441262
1315.2661784858,-0.0001288481
1316.2305923190,-0.0000902180
1317.1950061521,-0.0000277564
1318.1594199852,0.0000556121
1319.1238338183,0.0001537905
1320.0882476514,0.0002581626
1321.0526614845,0.0003576938
1322.0170753177,0.0004399902
1322.9814891508,0.0004898540
1323.9459029839,0.0004943273
1324.9103168170,0.0004448370
1325.8747306501,0.0003432347
1326.8391444833,0.0001991089
1327.8035583164,0.0000307959
1328.7679721495,-0.0001398664
1329.7323859826,-0.0002924639
1330.6967998157,-0.0004110052
1331.6612136488,-0.0004875442
1332.6256274820,-0.0005227419
1333.5900413151,-0.0005222738
1334.5544551482,-0.0004969090
1335.5188689813,-0.0004602107
1336.4832828144,-0.0004293471
1337.4476966476,-0.0004194412
1338.4121104807,-0.0004471741
1339.3765243138,-0.0005266038
1340.3409381469,-0.0006658831
1341.3053519800,-0.0008596249
1342.2697658132,-0.0010899919
1343.2341796463,-0.0013266082
1344.1985934794,-0.0015291208
1345.1630073125,-0.0016531436
1346.1274211456,-0.0016613939
1347.0918349787,-0.0015271932
1348.0562488119,-0.0012398909
1349.0206626450,-0.0008087098
1349.9850764781,-0.0002627727
1350.9494903112,0.0003512768
1351.9139041443,0.0009779645
1352.8783179775,0.0015586751
1353.8427318106,0.0020413187
1354.8071456437,0.0023858484
1355.7715594768,0.0025668361
1356.7359733099,0.0025723132
1357.7003871431,0.0024041352
1358.6648009762,0.0020744284
1359.6292148093,0.0016085900
1360.5936286424,0.0010432720
1361.5580424755,0.0004271934
1362.5224563086,-0.0001824857
1363.4868701418,-0.0007268159
1364.4512839749,-0.0011524385
1365.4156978080,-0.0014202688
1366.3801116411,-0.0015105052
1367.3445254742,-0.0014218253
1368.3089393074,-0.0011742396
1369.2733531405,-0.0008027541
1370.2377669736,-0.0003530513
1371.2021808067,0.0001218264
1372.1665946398,0.0005718386
1373.1310084730,0.0009545450
1374.0954223061,0.0012436158
1375.0598361392,0.0014292266
1376.0242499723,0.0015154668
1376.9886638054,0.0015188933
1377.9530776385,0.0014610791
1378.9174914717,0.0013633808
1379.8819053048,0.0012450358
1380.8463191379,0.0011226420
1381.8107329710,0.0010110923
1382.7751468041,0.0009214252
1383.7395606373,0.0008628580
1384.7039744704,0.0008406542
1385.6683883035,0.0008563001
1386.6328021366,0.0009051527
1387.5972159697,0.0009766074
1388.5616298029,0.0010582464
1389.5260436360,0.0011399635
1390.4904574691,0.0012124447
1391.4548713022,0.0012680119
1392.4192851353,0.0012998037
1393.3836989684,0.0012992988
1394.3481128016,0.0012569969
1395.3125266347,0.0011667380
1396.2769404678,0.0010274482
1397.2413543009,0.0008484442
1398.2057681340,0.0006431147
1399.1701819672,0.0004222582
1400.1345958003,0.0001875256
1401.0990096334,-0.0000712059
1402.0634234665,-0.0003710958
1403.0278372996,-0.0007310444
1403.9922511328,-0.0011630616
1404.9566649659,-0.0016624498
1405.9210787990,-0.0022129305
1406.8854926321,-0.0027872049
1407.8499064652,-0.0033492274
1408.8143202983,-0.0038591900
1409.7787341315,-0.0042747310
1410.7431479646,-0.0045578210
1411.7075617977,-0.0046768445
1412.6719756308,-0.0046088612
1413.6363894639,-0.0043509202
1414.6008032971,-0.0039129858
1415.5652171302,-0.0033212951
1416.5296309633,-0.0026123694
1417.4940447964,-0.0018272535
1418.4584586295,-0.0010108990
1419.4228724626,-0.0002053455
1420.3872862958,0.0005527731
1421.3517001289,0.0012317547
1422.3161139620,0.0018115806
1423.2805277951,0.0022819487
1424.2449416282,0.0026446341
1425.2093554614,0.0029068738
1426.1737692945,0.0030772605
1427.1381831276,0.0031581616
1428.1025969607,0.0031456717
1429.0670107938,0.0030277993
1430.0314246270,0.0027923221
1430.9958384601,0.0024313934
1431.9602522932,0.0019524462
1432.9246661263,0.0013765715
1433.8890799594,0.0007444785
1434.8534937925,0.0001059752
1435.8179076257,-0.0004851550
1436.7823214588,-0.0009829612
1437.7467352919,-0.0013545322
1438.7111491250,-0.0015869759
1439.6755629581,-0.0016809327
1440.6399767913,-0.0016544971
1441.6043906244,-0.0015341596
1442.5688044575,-0.0013570718
1443.5332182906,-0.0011654398
1444.4976321237,-0.0010021422
1445.4620459569,-0.0009042185
1446.4264597900,-0.0008988975
1447.3908736231,-0.0009927206
1448.3552874562,-0.0011760097
1449.3197012893,-0.0014207471
1450.2841151224,-0.0016860462
1451.2485289556,-0.0019255613
1452.2129427887,-0.0020947438
1453.1773566218,-0.0021597065
1454.1417704549,-0.0021016679
1455.1061842880,-0.0019207404
1456.0705981212,-0.0016346177
1457.0350119543,-0.0012717814
1457.9994257874,-0.0008689216
1458.9638396205,-0.0004649058
1459.9282534536,-0.0000945413
1460.8926672868,0.0002095517
1461.8570811199,0.0004222155
1462.8214949530,0.0005182903
1463.7859087861,0.0004787048
1464.7503226192,0.0002866992
1465.7147364523,-0.0000659821
1466.6791502855,-0.0005705100
1467.6435641186,-0.0011959476
1468.6079779517,-0.0018807865
1469.5723917848,-0.0025401334
1470.5368056179,-0.0030745782
1471.5012194511,-0.0033913814
1472.4656332842,-0.0034240664
1473.4300471173,-0.0031474140
1474.3944609504,-0.0025812071
1475.3588747835,-0.0017822954
1476.3232886167,-0.0008299023
1477.2877024498,0.0001873567
1478.2521162829,0.0011888652
1479.2165301160,0.0021049578
1480.1809439491,0.0028823314
1481.1453577822,0.0034844182
1482.1097716154,0.0038916455
1483.0741854485,0.0041047768
1484.0385992816,0.0041379468
1485.0030131147,0.0040225773
1485.9674269478,0.0037973484
1486.9318407810,0.0035059403
1487.8962546141,0.0031886038
1488.8606684472,0.0028773460
1489.8250822803,0.0025923538
1490.7894961134,0.0023415973
1491.7539099465,0.0021220124
1492.7183237797,0.0019257768
1493.6827376128,0.0017470033
1494.6471514459,0.0015840764
1495.6115652790,0.0014399678
1496.5759791121,0.0013195048
1497.5403929453,0.0012295708
1498.5048067784,0.0011721812
1499.4692206115,0.0011476019
1500.4336344446,0.0011532266
1501.3980482777,0.0011892268
1502.3624621109,0.0012490759
1503.3268759440,0.0013258695
1504.2912897771,0.0014100079
1505.2557036102,0.0014932618
1506.2201174433,0.0015629351
1507.1845312764,0.0016095993
1508.1489451096,0.0016216739
1509.1133589427,0.0015904260
1510.0777727758,0.0015061185
1511.0421866089,0.0013653027
1512.0066004420,0.0011731522
1512.9710142752,0.0009440890
1513.9354281083,0.0007004136
1514.8998419414,0.0004713245
1515.8642557745,0.0002806744
1516.8286696076,0.0001447750
1517.7930834408,0.0000667645
1518.7574972739,0.0000396741
1519.7219111070,0.0000480205
1520.6863249401,0.0000728231
1521.6507387732,0.0000978602
1522.6151526063,0.0001090100
1523.5795664395,0.0000980897
1524.5439802726,0.0000602314
1525.5083941057,-0.0000048118
1526.4728079388,-0.0000915161
1527.4372217719,-0.0001938484
1528.4016356051,-0.0003020230
1529.3660494382,-0.0004068102
1530.3304632713,-0.0004958871
1531.2948771044,-0.0005606140
1532.2592909375,-0.0005967564
1533.2237047707,-0.0006075444
1534.1881186038,-0.0006044799
1535.1525324369,-0.0006050915
1536.1169462700,-0.0006288706
1537.0813601031,-0.0006916603
1538.0457739362,-0.0007978449
1539.0101877694,-0.0009449141
1539.9746016025,-0.0011244408
1540.9390154356,-0.0013291589
1541.9034292687,-0.0015540831
1542.8678431018,-0.0017962044
1543.8322569350,-0.0020519155
1544.7966707681,-0.0023101387
1545.7610846012,-0.0025538148
1546.7254984343,-0.0027631652
1547.6899122674,-0.0029256300
1548.6543261006,-0.0030387067
1549.6187399337,-0.0031123189
1550.5831537668,-0.0031626746
1551.5475675999,-0.0032015899
1552.5119814330,-0.0032324982
1553.4763952661,-0.0032471386
1554.4408090993,-0.0032334754
1555.4052229324,-0.0031791029
1556.3696367655,-0.0030799576
1557.3340505986,-0.0029386878
1558.2984644317,-0.0027601295
1559.2628782649,-0.0025493316
1560.2272920980,-0.0023064532
1561.1917059311,-0.0020308576
1562.1561197642,-0.0017251143
1563.1205335973,-0.0013927902
1564.0849474304,-0.0010448041
1565.0493612636,-0.0006943514
1566.0137750967,-0.0003529449
1566.9781889298,-0.0000316387
1567.9426027629,0.0002626071
1568.9070165960,0.0005230066
1569.8714304292,0.0007450552
1570.8358442623,0.0009263134
1571.8002580954,0.0010675372
1572.7646719285,0.0011746188
1573.7290857616,0.0012585042
1574.6934995948,0.0013308822
1575.6579134279,0.0014048917
1576.6223272610,0.0014880537
1577.5867410941,0.0015810769
1578.5511549272,0.0016776014
1579.5155687603,0.0017673824
1580.4799825935,0.0018373432
1581.4443964266,0.0018778038
1582.4088102597,0.0018847437
1583.3732240928,0.0018651366
1584.3376379259,0.0018308481
1585.3020517591,0.0018007784
1586.2664655922,0.0017953246
1587.2308794253,0.0018310235
1588.1952932584,0.0019191147
1589.1597070915,0.0020641866
1590.1241209247,0.0022647721
1591.0885347578,0.0025129134
1592.0529485909,0.0027958779
1593.0173624240,0.0030951486
1593.9817762571,0.0033856635
1594.9461900902,0.0036360084
1595.9106039234,0.0038136903
1596.8750177565,0.0038896073
1597.8394315896,0.0038446935
1598.8038454227,0.0036707730
1599.7682592558,0.0033730955
1600.7326730890,0.0029649297
1601.6970869221,0.0024652113
1602.6615007552,0.0018949079
1603.6259145883,0.0012819769
1604.5903284214,0.0006588842
1605.5547422546,0.0000558208
1606.5191560877,-0.0004988585
1607.4835699208,-0.0009869650
1608.4479837539,-0.0014055071
1609.4123975870,-0.0017655910
1610.3768114201,-0.0020835625
1611.3412252533,-0.0023718851
1612.3056390864,-0.0026435866
1613.2700529195,-0.0029015546
1614.2344667526,-0.0031365096
1615.1988805857,-0.0033365896
1616.1632944189,-0.0034856461
1617.1277082520,-0.0035677110
1618.0921220851,-0.0035733986
1619.0565359182,-0.0035072963
1620.0209497513,-0.0033874032
1620.9853635845,-0.0032420100
1621.9497774176,-0.0031052341
1622.9141912507,-0.0030111587
1623.8786050838,-0.0029748643
1624.8430189169,-0.0029929441
1625.8074327500,-0.0030426150
1626.7718465832,-0.0030815427
1627.7362604163,-0.0030634818
1628.7006742494,-0.0029530367
1629.6650880825,-0.0027354334
1630.6295019156,-0.0024222140
1631.5939157488,-0.0020425229
1632.5583295819,-0.0016357810
1633.5227434150,-0.0012381283
1634.4871572481,-0.0008703918
1635.4515710812,-0.0005388410
1636.4159849143,-0.0002288656
1637.3803987475,0.0000847174
1638.3448125806,0.0004252814
1639.3092264137,0.0008083448
1640.2736402468,0.0012274537
1641.2380540799,0.0016527289
1642.2024679131,0.0020421927
1643.1668817462,0.0023543045
1644.1312955793,0.0025693346
1645.0957094124,0.0026860451
1646.0601232455,0.0027182286
1647.0245370787,0.0026903106
1647.9889509118,0.0026213820
1648.9533647449,0.0025187114
1649.9177785780,0.0023804684
1650.8821924111,0.0021991685
1651.8466062442,0.0019722735
1652.8110200774,0.0016971119
1653.7754339105,0.0013768787
1654.7398477436,0.0010200540
1655.7042615767,0.0006419261
1656.6686754098,0.0002591244
1657.6330892430,-0.0001060897
1658.5975030761,-0.0004305550
1659.5619169092,-0.0006934664
1660.5263307423,-0.0008787376
1661.4907445754,-0.0009827936
1662.4551584086,-0.0010211673
1663.4195722417,-0.0010190739
1664.3839860748,-0.0010157540
1665.3483999079,-0.0010488407
1666.3128137410,-0.0011478782
1667.2772275741,-0.0013243408
1668.2416414073,-0.0015673432
1669.2060552404,-0.0018519433
1670.1704690735,-0.0021473877
1671.1348829066,-0.0024199465
1672.0992967397,-0.0026523131
1673.0637105729,-0.0028363895
1674.0281244060,-0.0029812749
1674.9925382391,-0.0031043433
1675.9569520722,-0.0032244334
1676.9213659053,-0.0033530928
1677.8857797385,-0.0034887821
1678.8501935716,-0.0036156129
1679.8146074047,-0.0037125857
1680.7790212378,-0.0037554237
1681.7434350709,-0.0037285029
1682.7078489040,-0.0036164308
1683.6722627372,-0.0034100579
1684.6366765703,-0.0031041743
1685.6010904034,-0.0026975065
1686.5655042365,-0.0021980442
1687.5299180696,-0.0016242907
1688.4943319028,-0.0010007886
1689.4587457359,-0.0003542846
1690.4231595690,0.0002924501
1691.3875734021,0.0009191818
1692.3519872352,0.0015097212
1693.3164010684,0.0020508871
1694.2808149015,0.0025282376
1695.2452287346,0.0029288011
1696.2096425677,0.0032410393
1697.1740564008,0.0034579157
1698.1384702339,0.0035795679
1699.1028840671,0.0036135488
1700.0672979002,0.0035766787
1701.0317117333,0.0034887991
1701.9961255664,0.0033660540
1702.9605393995,0.0032204750
1703.9249532327,0.0030576594
1704.8893670658,0.0028805251
1705.8537808989,0.0026900249
1706.8181947320,0.0024878196
1707.7826085651,0.0022763344
1708.7470223982,0.0020588476
1709.7114362314,0.0018406418
1710.6758500645,0.0016299322
1711.6402638976,0.0014387058
1712.6046777307,0.0012780154
1713.5690915638,0.0011511962
1714.5335053970,0.0010525028
1715.4979192301,0.0009683518
1716.4623330632,0.0008816126
1717.4267468963,0.0007773830
1718.3911607294,0.0006482512
1719.3555745626,0.0005019754
1720.3199883957,0.0003532900
1721.2844022288,0.0002219107
1722.2488160619,0.0001259176
1723.2132298950,0.0000780304
1724.1776437281,0.0000778498
1725.1420575613,0.0001152449
1726.1064713944,0.0001711866
1727.0708852275,0.0002270037
1728.0352990606,0.0002635682
1728.9997128937,0.0002708796
1729.9641267269,0.0002458021
1730.9285405600,0.0001960355
1731.8929543931,0.0001349942
1732.8573682262,0.0000766505
1733.8217820593,0.0000339266
1734.7861958925,0.0000121628
1735.7506097256,0.0000075629
1736.7150235587,0.0000118034
1737.6794373918,0.0000170618
1738.6438512249,0.0000224036
1739.6082650580,0.0000312236
1740.5726788912,0.0000485910
1741.5370927243,0.0000793965
1742.5015065574,0.0001204343
1743.4659203905,0.0001633678
1744.4303342236,0.0001970464
1745.3947480568,0.0002132889
1746.3591618899,0.0002099140
1747.3235757230,0.0001902751
1748.2879895561,0.0001612657
1749.2524033892,0.0001307218
1750.2168172224,0.0001023268
1751.1812310555,0.0000753330
1752.1456448886,0.0000449641
1753.1100587217,0.0000067840
1754.0744725548,-0.0000392048
1755.0388863879,-0.0000876902
1756.0033002211,-0.0001296648
1756.9677140542,-0.0001548939
1757.9321278873,-0.0001577398
1758.8965417204,-0.0001384028
1759.8609555535,-0.0001039527
1760.8253693867,-0.0000638399
1761.7897832198,-0.0000277905
1762.7541970529,-0.0000021278
1763.7186108860,0.0000114410
1764.6830247191,0.0000142747
1765.6474385523,0.0000104950
1766.6118523854,0.0000045867
1767.5762662185,0.0000008457
1768.5406800516,0.0000026194
1769.5050938847,0.0000115377
1770.4695077178,0.0000264266
1771.4339215510,0.0000447104
1772.3983353841,0.0000594615
1773.3627492172,0.0000648972
1774.3271630503,0.0000563695
1775.2915768834,0.0000330841
1776.2559907166,-0.0000000669
1777.2204045497,-0.0000352092
1778.1848183828,-0.0000637506
1779.1492322159,-0.0000783370
1780.1136460490,-0.0000762716
1781.0780598821,-0.0000573034
1782.0424737153,-0.0000250110
1783.0068875484,0.0000151073
1783.9713013815,0.0000570764
1784.9357152146,0.0000924915
1785.9001290477,0.0001148153
1786.8645428809,0.0001192781
1787.8289567140,0.0001045216
1788.7933705471,0.0000733038
1789.7577843802,0.0000323087
1790.7221982133,-0.0000092807
1791.6866120465,-0.0000427974
1792.6510258796,-0.0000633824
1793.6154397127,-0.0000704591
1794.5798535458,-0.0000689149
1795.5442673789,-0.0000660193
1796.5086812120,-0.0000696561
1797.4730950452,-0.0000825767
1798.4375088783,-0.0001033384
1799.4019227114,-0.0001235398
1800.3663365445,-0.0001327564
1801.3307503776,-0.0001236190
1802.2951642108,-0.0000934289
1803.2595780439,-0.0000458676
1804.2239918770,0.0000093463
1805.1884057101,0.0000615267
1806.1528195432,0.0001007821
1807.1172333764,0.0001227312
1808.0816472095,0.0001271354
1809.0460610426,0.0001163946
1810.0104748757,0.0000960590
1810.9748887088,0.0000719407
1811.9393025419,0.0000486984
1812.9037163751,0.0000292544
1813.8681302082,0.0000142721
1814.8325440413,0.0000023915
1815.7969578744,-0.0000092590
1816.7613717075,-0.0000226567
1817.7257855407,-0.0000373105
1818.6901993738,-0.0000502133
1819.6546132069,-0.0000576326
1820.6190270400,-0.0000560955
1821.5834408731,-0.0000441263
1822.5478547063,-0.0000244988
1823.5122685394,-0.0000025234
1824.4766823725,0.0000169343
1825.4410962056,0.0000298000
1826.4055100387,0.0000351901
1827.3699238718,0.0000332356
1828.3343377050,0.0000260593
1829.2987515381,0.0000154827
1830.2631653712,0.0000015494
1831.2275792043,-0.0000153640
1832.1919930374,-0.0000344768
1833.1564068706,-0.0000530361
1834.1208207037,-0.0000669360
1835.0852345368,-0.0000717945
1836.0496483699,-0.0000650341
1837.0140622030,-0.0000477267
1837.9784760362,-0.0000233450
1838.9428898693,0.0000023342
1839.9073037024,0.0000242829
1840.8717175355,0.0000390640
1841.8361313686,0.0000458010
1842.8005452017,0.0000462904
1843.7649590349,0.0000426273
1844.7293728680,0.0000368196
1845.6937867011,0.0000308062
1846.6582005342,0.0000247518
1847.6226143673,0.0000180974
1848.5870282005,0.0000090910
1849.5514420336,-0.0000021493
1850.5158558667,-0.0000148495
1851.4802696998,-0.0000269885
1852.4446835329,-0.0000356832
1853.4090973661,-0.0000384030
1854.3735111992,-0.0000346467
1855.3379250323,-0.0000267265
1856.3023388654,-0.0000189192
1857.2667526985,-0.0000147169
1858.2311665316,-0.0000171878
1859.1955803648,-0.0000248907
1860.1599941979,-0.0000331347
1861.1244080310,-0.0000371099
1862.0888218641,-0.0000331560
1863.0532356972,-0.0000224377
1864.0176495304,-0.0000102822
1864.9820633635,-0.0000032867
1865.9464771966,-0.0000057857
1866.9108910297,-0.0000160719
1867.8753048628,-0.0000272755
1868.8397186959,-0.0000283829
1869.8041325291,-0.0000113158
1870.7685463622,0.0000241070
1871.7329601953,0.0000703561
1872.6973740284,0.0001140336
1873.6617878615,0.0001418184
1874.6262016947,0.0001447032
1875.5906155278,0.0001215245
1876.5550293609,0.0000798436
1877.5194431940,0.0000296951
1878.4838570271,-0.0000185824
1879.4482708603,-0.0000562632
1880.4126846934,-0.0000780768
1881.3770985265,-0.0000815762
1882.3415123596,-0.0000672278
1883.3059261927,-0.0000400960
1884.2703400258,-0.0000062593
1885.2347538590,0.0000248738
1886.1991676921,0.0000447454
1887.1635815252,0.0000475759
1888.1279953583,0.0000323958
1889.0924091914,0.0000039216
1890.0568230246,-0.0000300671
1891.0212368577,-0.0000614320
1891.9856506908,-0.0000811305
1892.9500645239,-0.0000831531
1893.9144783570,-0.0000646837
1894.8788921902,-0.0000280454
1895.8433060233,0.0000202293
1896.8077198564,0.0000689572
1897.7721336895,0.0001050565
1898.7365475226,0.0001192931
1899.7009613557,0.0001084665
1900.6653751889,0.0000773294
1901.6297890220,0.0000356557
1902.5942028551,-0.0000045757
1903.5586166882,-0.0000361873
1904.5230305213,-0.0000573550
1905.4874443545,-0.0000707031
1906.4518581876,-0.0000792962
1907.4162720207,-0.0000857377
1908.3806858538,-0.0000877635
1909.3450996869,-0.0000814675
1910.3095135201,-0.0000634345
1911.2739273532,-0.0000349362
1912.2383411863,-0.0000008259
1913.2027550194,0.0000316674
1914.1671688525,0.0000557844
1915.1315826856,0.0000679032
1916.0959965188,0.0000689056
1917.0604103519,0.0000621008
1918.0248241850,0.0000514115
1918.9892380181,0.0000393858
1919.9536518512,0.0000261097
1920.9180656844,0.0000121658
1921.8824795175,-0.0000030569
1922.8468933506,-0.0000199040
1923.8113071837,-0.0000368679
1924.7757210168,-0.0000517697
1925.7401348500,-0.0000616618
1926.7045486831,-0.0000647497
1927.6689625162,-0.0000594491
1928.6333763493,-0.0000450304
1929.5977901824,-0.0000228660
1930.5622040155,0.0000031301
1931.5266178487,0.0000293860
1932.4910316818,0.0000506827
1933.4554455149,0.0000637964
1934.4198593480,0.0000668748
1935.3842731811,0.0000619665
1936.3486870143,0.0000517453
1937.3131008474,0.0000396256
1938.2775146805,0.0000282023
1939.2419285136,0.0000185728
1940.2063423467,0.0000114041
1941.1707561798,0.0000074878
1942.1351700130,0.0000070349
1943.0995838461,0.0000118216
1944.0639976792,0.0000200217
1945.0284115123,0.0000291354
1945.9928253454,0.0000348514
1946.9572391786,0.0000319383
1947.9216530117,0.0000177348
1948.8860668448,-0.0000081507
1949.8504806779,-0.0000424018
1950.8148945110,-0.0000781544
1951.7793083442,-0.0001099560
1952.7437221773,-0.0001319204
1953.7081360104,-0.0001426316
1954.6725498435,-0.0001426861
1955.6369636766,-0.0001336589
1956.6013775097,-0.0001169527
1957.5657913429,-0.0000919467
1958.5302051760,-0.0000573708
1959.4946190091,-0.0000130003
1960.4590328422,0.0000376796
1961.4234466753,0.0000863822
1962.3878605085,0.0001242911
1963.3522743416,0.0001425928
1964.3166881747,0.0001385200
1965.2811020078,0.0001160761
1966.2455158409,0.0000829161
1967.2099296741,0.0000480236
1968.1743435072,0.0000184608
1969.1387573403,-0.0000033211
1970.1031711734,-0.0000172791
1971.0675850065,-0.0000274573
1972.0319988396,-0.0000360701
1972.9964126728,-0.0000459090
1973.9608265059,-0.0000576947
1974.9252403390,-0.0000711510
1975.8896541721,-0.0000828514
1976.8540680052,-0.0000897359
1977.8184818384,-0.0000864785
1978.7828956715,-0.0000710996
1979.7473095046,-0.0000427711
1980.7117233377,-0.0000050226
1981.6761371708,0.0000379282
1982.6405510040,0.0000790235
1983.6049648371,0.0001134842
1984.5693786702,0.0001378093
1985.5337925033,0.0001507744
1986.4982063364,0.0001520256
1987.4626201695,0.0001426580
1988.4270340027,0.0001232192
1989.3914478358,0.0000956734
1990.3558616689,0.0000605228
1991.3202755020,0.0000206631
1992.2846893351,-0.0000205084
1993.2491031683,-0.0000595082
1994.2135170014,-0.0000913639
1995.1779308345,-0.0001130956
1996.1423446676,-0.0001226426
1997.1067585007,-0.0001226426
1998.0711723339,-0.0001226426
1999.0355861670,-0.0001226426
2000.0000000001,-0.0001226426
