999.9028550560,0.0000631271
1000.8672688891,0.0000631271
1001.8316827223,0.0000631271
1002.7960965554,0.0000631271
1003.7605103885,0.0000631271
1004.7249242216,0.0003579097
1005.6893380547,0.0005497814
1006.6537518879,0.0005638867
1007.6181657210,0.0003851523
1008.5825795541,0.0000498271
1009.5469933872,-0.0003597178
1010.5114072203,-0.0007270329
1011.4758210535,-0.0009335580
1012.4402348866,-0.0009133629
1013.4046487197,-0.0006902674
1014.3690625528,-0.0003785634
1015.3334763859,-0.0001297707
1016.2978902190,-0.0000588344
1017.2623040522,-0.0001791007
1018.2267178853,-0.0003921084
1019.1911317184,-0.0005420348
1020.1555455515,-0.0005168463
1021.1199593846,-0.0003161459
1022.0843732178,-0.0000561243
1023.0487870509,0.0001109186
1024.0132008840,0.0000885584
1024.9776147171,-0.0001050827
1025.9420285502,-0.0003642129
1026.9064423834,-0.0005704800
1027.8708562165,-0.0006622365
1028.8352700496,-0.0006492388
1029.7996838827,-0.0005830593
1030.7640977158,-0.0005066567
1031.7285115489,-0.0004402552
1032.6929253821,-0.0003852111
1033.6573392152,-0.0003520097
1034.6217530483,-0.0003558640
1035.5861668814,-0.0003950469
1036.5505807145,-0.0004314550
1037.5149945477,-0.0004065913
1038.4794083808,-0.0002874464
1039.4438222139,-0.0001085738
1040.4082360470,0.0000328939
1041.3726498801,0.0000273518
1042.3370637132,-0.0001702834
1043.3014775464,-0.0005028324
1044.2658913795,-0.0008326271
1045.2303052126,-0.0010126414
1046.1947190457,-0.0009641004
1047.1591328788,-0.0007089022
1048.1235467120,-0.0003518822
1049.0879605451,-0.0000151925
1050.0523743782,0.0002226639
1051.0167882113,0.0003512272
1051.9812020444,0.0004050856
1052.9456158776,0.0004178883
1053.9100297107,0.0003861576
1054.8744435438,0.0002818734
1055.8388573769,0.0001008358
1056.8032712100,-0.0000917294
1057.7676850431,-0.0001682145
1058.7320988763,-0.0000089846
1059.6965127094,0.0004066822
1060.6609265425,0.0009667145
1061.6253403756,0.0014696113
1062.5897542087,0.0017277860
1063.5541680419,0.0016518086
1064.5185818750,0.0012723700
1065.4829957081,0.0007120655
1066.4474095412,0.0001405260
1067.4118233743,-0.0002524928
1068.3762372075,-0.0002903815
1069.3406510406,0.0001185969
1070.3050648737,0.0009000200
1071.2694787068,0.0017883544
1072.2338925399,0.0024220906
1073.1983063730,0.0025230511
1074.1627202062,0.0020570653
1075.1271340393,0.0012529842
1076.0915478724,0.0004661802
1077.0559617055,-0.0000247018
1078.0203755386,-0.0001450140
1078.9847893718,-0.0000074855
1079.9492032049,0.0002144469
1080.9136170380,0.0004058636
1081.8780308711,0.0005465521
1082.8424447042,0.0006568425
1083.8068585374,0.0007376308
1084.7712723705,0.0007529735
1085.7356862036,0.0006744977
1086.7001000367,0.0005274097
1087.6645138698,0.0003937040
1088.6289277029,0.0003577388
1089.5933415361,0.0004448805
1090.5577553692,0.0006008828
1091.5221692023,0.0007258553
1092.4865830354,0.0007362646
1093.4509968685,0.0006086261
1094.4154107017,0.0003735728
1095.3798245348,0.0000799846
1096.3442383679,-0.0002352137
1097.3086522010,-0.0005444076
1098.2730660341,-0.0008059063
1099.2374798673,-0.0009593632
1100.2018937004,-0.0009549290
1101.1663075335,-0.0008019269
1102.1307213666,-0.0005915436
1103.0951351997,-0.0004638022
1104.0595490328,-0.0005290722
1105.0239628660,-0.0007984243
1105.9883766991,-0.0011711024
1106.9527905322,-0.0014821582
1107.9172043653,-0.0015802084
1108.8816181984,-0.0013910738
1109.8460320316,-0.0009452832
1110.8104458647,-0.0003732490
1111.7748596978,0.0001385179
1112.7392735309,0.0004164721
1113.7036873640,0.0003749118
1114.6681011971,0.0000670859
1115.6325150303,-0.0003325140
1116.5969288634,-0.0006115381
1117.5613426965,-0.0006273960
1118.5257565296,-0.0003814787
1119.4901703627,-0.0000081623
1120.4545841959,0.0003049386
1121.4189980290,0.0004141765
1122.3834118621,0.0002747108
1123.3478256952,-0.0000625655
1124.3122395283,-0.0004937866
1125.2766533615,-0.0009027696
1126.2410671946,-0.0011910725
1127.2054810277,-0.0012938647
1128.1698948608,-0.0012011871
1129.1343086939,-0.0009724614
1130.0987225270,-0.0007339962
1131.0631363602,-0.0006282697
1132.0275501933,-0.0007327548
1132.9919640264,-0.0009883923
1133.9563778595,-0.0012027626
1134.9207916926,-0.0011430869
1135.8852055258,-0.0006872886
1136.8496193589,0.0000726599
1137.8140331920,0.0008459055
1138.7784470251,0.0012974980
1139.7428608582,0.0012460824
1140.7072746914,0.0007745569
1141.6716885245,0.0001784119
1142.6361023576,-0.0002146970
1143.6005161907,-0.0002309690
1144.5649300238,0.0000784022
1145.5293438569,0.0005085210
1146.4937576901,0.0008529584
1147.4581715232,0.0010192085
1148.4225853563,0.0010480008
1149.3869991894,0.0010468089
1150.3514130225,0.0011017747
1151.3158268557,0.0012308806
1152.2802406888,0.0013913424
1153.2446545219,0.0015151975
1154.2090683550,0.0015400080
1155.1734821881,0.0014172978
1156.1378960213,0.0011178454
1157.1023098544,0.0006411765
1158.0667236875,0.0000402687
1159.0311375206,-0.0005659799
1159.9955513537,-0.0010149491
1160.9599651868,-0.0011623993
1161.9243790200,-0.0009568244
1162.8887928531,-0.0004817616
1163.8532066862,0.0000644143
1164.8176205193,0.0004478369
1165.7820343524,0.0005045471
1166.7464481856,0.0002086699
1167.7108620187,-0.0003284112
1168.6752758518,-0.0009209617
1169.6396896849,-0.0013979895
1170.6041035180,-0.0016674631
1171.5685173512,-0.0017270556
1172.5329311843,-0.0016335116
1173.4973450174,-0.0014537744
1174.4617588505,-0.0012260692
1175.4261726836,-0.0009538183
1176.3905865167,-0.0006219292
1177.3550003499,-0.0002269646
1178.3194141830,0.0001977975
1179.2838280161,0.0005820899
1180.2482418492,0.0008377130
1181.2126556823,0.0008982162
1182.1770695155,0.0007526460
1183.1414833486,0.0004519194
1184.1058971817,0.0000962383
1185.0703110148,-0.0001996441
1186.0347248479,-0.0003476669
1186.9991386810,-0.0003134811
1187.9635525142,-0.0001307760
1188.9279663473,0.0001092047
1189.8923801804,0.0002885492
1190.8567940135,0.0003155413
1191.8212078466,0.0001768169
1192.7856216798,-0.0000467905
1193.7500355129,-0.0002185369
1194.7144493460,-0.0002174775
1195.6788631791,-0.0000093765
1196.6432770122,0.0003384684
1197.6076908454,0.0006967903
1198.5721046785,0.0009483793
1199.5365185116,0.0010376628
1200.5009323447,0.0009812289
1201.4653461778,0.0008348111
1202.4297600109,0.0006550548
1203.3941738441,0.0004771370
1204.3585876772,0.0003179847
1205.3230015103,0.0001838562
1206.2874153434,0.0000804439
1207.2518291765,0.0000075862
1208.2162430097,-0.0000375594
1209.1806568428,-0.0000602437
1210.1450706759,-0.0000660933
1211.1094845090,-0.0000598108
1212.0738983421,-0.0000454503
1213.0383121753,-0.0000274480
1214.0027260084,-0.0000098142
1214.9671398415,0.0000043431
1215.9315536746,0.0000154577
1216.8959675077,0.0000265915
1217.8603813408,0.0000423973
1218.8247951740,0.0000689042
1219.7892090071,0.0001107451
1220.7536228402,0.0001720501
1221.7180366733,0.0002527088
1222.6824505064,0.0003521821
1223.6468643396,0.0004656496
1224.6112781727,0.0005838085
1225.5756920058,0.0006947012
1226.5401058389,0.0007868090
1227.5045196720,0.0008511628
1228.4689335052,0.0008861222
1229.4333473383,0.0008956501
1230.3977611714,0.0008884699
1231.3621750045,0.0008735270
1232.3265888376,0.0008563925
1233.2910026707,0.0008357762
1234.2554165039,0.0008066107
1235.2198303370,0.0007596114
1236.1842441701,0.0006884522
1237.1486580032,0.0005899260
1238.1130718363,0.0004654462
1239.0774856695,0.0003213004
1240.0418995026,0.0001656576
1241.0063133357,0.0000060001
1241.9707271688,-0.0001475904
1242.9351410019,-0.0002880093
1243.8995548351,-0.0004058869
1244.8639686682,-0.0004948009
1245.8283825013,-0.0005520553
1246.7927963344,-0.0005811815
1247.7572101675,-0.0005923761
1248.7216240006,-0.0006013013
1249.6860378338,-0.0006221943
1250.6504516669,-0.0006694523
1251.6148655000,-0.0007459673
1252.5792793331,-0.0008468383
1253.5436931662,-0.0009589003
1254.5081069994,-0.0010642057
1255.4725208325,-0.0011452329
1256.4369346656,-0.0011860973
1257.4013484987,-0.0011750334
1258.3657623318,-0.0011056048
1259.3301761649,-0.0009701202
1260.2945899981,-0.0007642250
1261.2590038312,-0.0004865111
1262.2234176643,-0.0001461106
1263.1878314974,0.0002349339
1264.1522453305,0.0006222279
1265.1166591637,0.0009716775
1266.0810729968,0.0012405840
1267.0454868299,0.0013962639
1268.0099006630,0.0014258360
1268.9743144961,0.0013363853
1269.9387283293,0.0011518989
1270.9031421624,0.0009068997
1271.8675559955,0.0006374133
1272.8319698286,0.0003738488
1273.7963836617,0.0001370137
1274.7607974948,-0.0000641623
1275.7252113280,-0.0002262256
1276.6896251611,-0.0003528479
1277.6540389942,-0.0004478115
1278.6184528273,-0.0005139463
1279.5828666604,-0.0005544694
1280.5472804936,-0.0005720008
1281.5116943267,-0.0005692453
1282.4761081598,-0.0005512380
1283.4405219929,-0.0005208186
1284.4049358260,-0.0004823333
1285.3693496592,-0.0004374364
1286.3337634923,-0.0003877483
1287.2981773254,-0.0003346354
1288.2625911585,-0.0002803606
1289.2270049916,-0.0002289168
1290.1914188247,-0.0001866270
1291.1558326579,-0.0001598518
1292.1202464910,-0.0001533179
1293.0846603241,-0.0001676800
1294.0490741572,-0.0001990461
1295.0134879903,-0.0002382979
1295.9779018235,-0.0002744329
1296.9423156566,-0.0002968272
1297.9067294897,-0.0002994658
1298.8711433228,-0.0002827216
1299.8355571559,-0.0002537518
1300.7999709891,-0.0002228890
1301.7643848222,-0.0002011203
1302.7287986553,-0.0001933374
1303.6932124884,-0.0001989862
1304.6576263215,-0.0002103754
1305.6220401546,-0.0002201278
1306.5864539878,-0.0002233952
1307.5508678209,-0.0002213255
1308.5152816540,-0.0002186791
1309.4796954871,-0.0002241503
1310.4441093202,-0.0002442937
1311.4085231534,-0.0002837439
1312.3729369865,-0.0003409219
1313.3373508196,-0.0004122646
1314.3017646527,-0.0004888413
1315.2661784858,-0.0005596700
1316.2305923190,-0.0006140460
1317.1950061521,-0.0006435972
1318.1594199852,-0.0006419253
1319.1238338183,-0.0006079767
1320.0882476514,-0.0005457862
1321.0526614845,-0.0004618934
1322.0170753177,-0.0003647292
1322.9814891508,-0.0002631528
1323.9459029839,-0.0001642189
1324.9103168170,-0.0000720798
1325.8747306501,0.0000129084
1326.8391444833,0.0000919689
1327.8035583164,0.0001681247
1328.7679721495,0.0002440396
1329.7323859826,0.0003208890
1330.6967998157,0.0003970999
1331.6612136488,0.0004676189
1332.6256274820,0.0005250612
1333.5900413151,0.0005619484
1334.5544551482,0.0005718297
1335.5188689813,0.0005528728
1336.4832828144,0.0005067235
1337.4476966476,0.0004401706
1338.4121104807,0.0003617330
1339.3765243138,0.0002793766
1340.3409381469,0.0002000135
1341.3053519800,0.0001274213
1342.2697658132,0.0000613310
1343.2341796463,0.0000007545
1344.1985934794,-0.0000563109
1345.1630073125,-0.0001083427
1346.1274211456,-0.0001488634
1347.0918349787,-0.0001673059
1348.0562488119,-0.0001508884
1349.0206626450,-0.0000919552
1349.9850764781,0.0000096098
1350.9494903112,0.0001422652
1351.9139041443,0.0002848343
1352.8783179775,0.0004136739
1353.8427318106,0.0005085981
1354.8071456437,0.0005590849
1355.7715594768,0.0005637388
1356.7359733099,0.0005292223
1357.7003871431,0.0004676769
1358.6648009762,0.0003883161
1359.6292148093,0.0002986055
1360.5936286424,0.0002044801
1361.5580424755,0.0001094513
1362.5224563086,0.0000168962
1363.4868701418,-0.0000704590
1364.4512839749,-0.0001457298
1365.4156978080,-0.0001994078
1366.3801116411,-0.0002199001
1367.3445254742,-0.0001897835
1368.3089393074,-0.0000963622
1369.2733531405,0.0000663357
1370.2377669736,0.0002919970
1371.2021808067,0.0005618292
1372.1665946398,0.0008498866
1373.1310084730,0.0011260753
1374.0954223061,0.0013651629
1375.0598361392,0.0015507743
1376.0242499723,0.0016718222
1376.9886638054,0.0017240185
1377.9530776385,0.0017066740
1378.9174914717,0.0016208162
1379.8819053048,0.0014712727
1380.8463191379,0.0012662732
1381.8107329710,0.0010195081
1382.7751468041,0.0007497951
1383.7395606373,0.0004784160
1384.7039744704,0.0002257006
1385.6683883035,0.0000083717
1386.6328021366,-0.0001657994
1387.5972159697,-0.0002999015
1388.5616298029,-0.0004098857
1389.5260436360,-0.0005176311
1390.4904574691,-0.0006466502
1391.4548713022,-0.0008154400
1392.4192851353,-0.0010294589
1393.3836989684,-0.0012825369
1394.3481128016,-0.0015564529
1395.3125266347,-0.0018291549
1396.2769404678,-0.0020785008
1397.2413543009,-0.0022824968
1398.2057681340,-0.0024252872
1399.1701819672,-0.0024945606
1400.1345958003,-0.0024827961
1401.0990096334,-0.0023895742
1402.0634234665,-0.0022177610
1403.0278372996,-0.0019763068
1403.9922511328,-0.0016779087
1404.9566649659,-0.0013370174
1405.9210787990,-0.0009721015
1406.8854926321,-0.0006044551
1407.8499064652,-0.0002573619
1408.8143202983,0.0000474581
1409.7787341315,0.0002931668
1410.7431479646,0.0004694663
1411.7075617977,0.0005719952
1412.6719756308,0.0006038203
1413.6363894639,0.0005699212
1414.6008032971,0.0004770082
1415.5652171302,0.0003350357
1416.5296309633,0.0001590314
1417.4940447964,-0.0000284504
1418.4584586295,-0.0001983461
1419.4228724626,-0.0003208076
1420.3872862958,-0.0003670162
1421.3517001289,-0.0003190384
1422.3161139620,-0.0001704113
1423.2805277951,0.0000715249
1424.2449416282,0.0003883599
1425.2093554614,0.0007538808
1426.1737692945,0.0011358983
1427.1381831276,0.0015002559
1428.1025969607,0.0018144874
1429.0670107938,0.0020488917
1430.0314246270,0.0021812622
1430.9958384601,0.0021955757
1431.9602522932,0.0020868480
1432.9246661263,0.0018617578
1433.8890799594,0.0015417541
1434.8534937925,0.0011595427
1435.8179076257,0.0007535620
1436.7823214588,0.0003614765
1437.7467352919,0.0000122001
1438.7111491250,-0.0002766607
1439.6755629581,-0.0004970116
1440.6399767913,-0.0006468486
1441.6043906244,-0.0007282761
1442.5688044575,-0.0007476170
1443.5332182906,-0.0007162171
1444.4976321237,-0.0006519441
1445.4620459569,-0.0005776199
1446.4264597900,-0.0005166645
1447.3908736231,-0.0004914799
1448.3552874562,-0.0005182489
1449.3197012893,-0.0006043992
1450.2841151224,-0.0007445444
1451.2485289556,-0.0009228927
1452.2129427887,-0.0011109504
1453.1773566218,-0.0012739558
1454.1417704549,-0.0013739520
1455.1061842880,-0.0013819474
1456.0705981212,-0.0012800781
1457.0350119543,-0.0010696227
1457.9994257874,-0.0007736461
1458.9638396205,-0.0004333811
1459.9282534536,-0.0000987145
1460.8926672868,0.0001788338
1461.8570811199,0.0003603128
1462.8214949530,0.0004224387
1463.7859087861,0.0003636828
1464.7503226192,0.0001982585
1465.7147364523,-0.0000453781
1466.6791502855,-0.0003287267
1467.6435641186,-0.0006104763
1468.6079779517,-0.0008480723
1469.5723917848,-0.0010038755
1470.5368056179,-0.0010485362
1471.5012194511,-0.0009669244
1472.4656332842,-0.0007608460
1473.4300471173,-0.0004480562
1474.3944609504,-0.0000591368
1475.3588747835,0.0003674643
1476.3232886167,0.0007937938
1477.2877024498,0.0011864027
1478.2521162829,0.0015216703
1479.2165301160,0.0017841796
1480.1809439491,0.0019683251
1481.1453577822,0.0020763765
1482.1097716154,0.0021157162
1483.0741854485,0.0020977524
1484.0385992816,0.0020353957
1485.0030131147,0.0019419499
1485.9674269478,0.0018289686
1486.9318407810,0.0017037062
1487.8962546141,0.0015695980
1488.8606684472,0.0014259053
1489.8250822803,0.0012712725
1490.7894961134,0.0011051502
1491.7539099465,0.0009315390
1492.7183237797,0.0007592481
1493.6827376128,0.0006065018
1494.6471514459,0.0004940874
1495.6115652790,0.0004424752
1496.5759791121,0.0004652725
1497.5403929453,0.0005647341
1498.5048067784,0.0007301241
1499.4692206115,0.0009396848
1500.4336344446,0.0011664635
1501.3980482777,0.0013838395
1502.3624621109,0.0015662301
1503.3268759440,0.0016948513
1504.2912897771,0.0017575519
1505.2557036102,0.0017505704
1506.2201174433,0.0016761548
1507.1845312764,0.0015357843
1508.1489451096,0.0013292157
1509.1133589427,0.0010500590
1510.0777727758,0.0006925430
1511.0421866089,0.0002580497
1512.0066004420,-0.0002367541
1512.9710142752,-0.0007524582
1513.9354281083,-0.0012279727
1514.8998419414,-0.0015884471
1515.8642557745,-0.0017611377
1516.8286696076,-0.0016963264
1517.7930834408,-0.0013792028
1518.7574972739,-0.0008372468
1519.7219111070,-0.0001357691
1520.6863249401,0.0006384075
1521.6507387732,0.0013956139
1522.6151526063,0.0020596124
1523.5795664395,0.0025774008
1524.5439802726,0.0029251885
1525.5083941057,0.0031082113
1526.4728079388,0.0031510084
1527.4372217719,0.0030852670
1528.4016356051,0.0029407586
1529.3660494382,0.0027373414
1530.3304632713,0.0024848729
1531.2948771044,0.0021841438
1532.2592909375,0.0018319270
1533.2237047707,0.0014218658
1534.1881186038,0.0009406224
1535.1525324369,0.0003701362
1536.1169462700,-0.0003084361
1537.0813601031,-0.0011063054
1538.0457739362,-0.0020198717
1539.0101877694,-0.0030297982
1539.9746016025,-0.0041048639
1540.9390154356,-0.0052087265
1541.9034292687,-0.0063059670
1542.8678431018,-0.0073582912
1543.8322569350,-0.0083227567
1544.7966707681,-0.0091482578
1545.7610846012,-0.0097793406
1546.7254984343,-0.0101636695
1547.6899122674,-0.0102648800
1548.6543261006,-0.0100677842
1549.6187399337,-0.0095797274
1550.5831537668,-0.0088265240
1551.5475675999,-0.0078464989
1552.5119814330,-0.0066860546
1553.4763952661,-0.0053968057
1554.4408090993,-0.0040368247
1555.4052229324,-0.0026700646
1556.3696367655,-0.0013589184
1557.3340505986,-0.0001585613
1558.2984644317,0.0008887177
1559.2628782649,0.0017563740
1560.2272920980,0.0024312839
1561.1917059311,0.0029131093
1562.1561197642,0.0032102228
1563.1205335973,0.0033413733
1564.0849474304,0.0033352431
1565.0493612636,0.0032265023
1566.0137750967,0.0030508321
1566.9781889298,0.0028422524
1567.9426027629,0.0026278386
1568.9070165960,0.0024279600
1569.8714304292,0.0022542649
1570.8358442623,0.0021109465
1571.8002580954,0.0019937383
1572.7646719285,0.0018927129
1573.7290857616,0.0017981388
1574.6934995948,0.0017044076
1575.6579134279,0.0016107815
1576.6223272610,0.0015195028
1577.5867410941,0.0014345053
1578.5511549272,0.0013613194
1579.5155687603,0.0013066956
1580.4799825935,0.0012774784
1581.4443964266,0.0012793021
1582.4088102597,0.0013124857
1583.3732240928,0.0013714631
1584.3376379259,0.0014422244
1585.3020517591,0.0015093390
1586.2664655922,0.0015593295
1587.2308794253,0.0015821928
1588.1952932584,0.0015733589
1589.1597070915,0.0015345165
1590.1241209247,0.0014739024
1591.0885347578,0.0014052710
1592.0529485909,0.0013457857
1593.0173624240,0.0013104799
1593.9817762571,0.0013089366
1594.9461900902,0.0013371909
1595.9106039234,0.0013842365
1596.8750177565,0.0014310053
1597.8394315896,0.0014601443
1598.8038454227,0.0014613741
1599.7682592558,0.0014351767
1600.7326730890,0.0013900105
1601.6970869221,0.0013429347
1602.6615007552,0.0013054184
1603.6259145883,0.0012866779
1604.5903284214,0.0012842743
1605.5547422546,0.0012906669
1606.5191560877,0.0012965271
1607.4835699208,0.0012960375
1608.4479837539,0.0012876423
1609.4123975870,0.0012763477
1610.3768114201,0.0012665567
1611.3412252533,0.0012658472
1612.3056390864,0.0012707602
1613.2700529195,0.0012754039
1614.2344667526,0.0012727606
1615.1988805857,0.0012573382
1616.1632944189,0.0012280454
1617.1277082520,0.0011872995
1618.0921220851,0.0011337844
1619.0565359182,0.0010655792
1620.0209497513,0.0009688977
1620.9853635845,0.0008299757
1621.9497774176,0.0006399391
1622.9141912507,0.0003963994
1623.8786050838,0.0001142290
1624.8430189169,-0.0001808788
1625.8074327500,-0.0004532695
1626.7718465832,-0.0006639289
1627.7362604163,-0.0007851410
1628.7006742494,-0.0008030140
1629.6650880825,-0.0007211197
1630.6295019156,-0.0005626313
1631.5939157488,-0.0003580725
1632.5583295819,-0.0001396243
1633.5227434150,0.0000703215
1634.4871572481,0.0002606683
1635.4515710812,0.0004296061
1636.4159849143,0.0005859522
1637.3803987475,0.0007398279
1638.3448125806,0.0008963080
1639.3092264137,0.0010494539
1640.2736402468,0.0011772536
1641.2380540799,0.0012395133
1642.2024679131,0.0011842432
1643.1668817462,0.0009596390
1644.1312955793,0.0005316947
1645.0957094124,-0.0001070038
1646.0601232455,-0.0009399421
1647.0245370787,-0.0019291128
1647.9889509118,-0.0030342091
1648.9533647449,-0.0042188852
1649.9177785780,-0.0054490943
1650.8821924111,-0.0066788313
1651.8466062442,-0.0078464402
1652.8110200774,-0.0088718422
1653.7754339105,-0.0096701523
1654.7398477436,-0.0101584727
1655.7042615767,-0.0102765914
1656.6686754098,-0.0099896872
1657.6330892430,-0.0092946123
1658.5975030761,-0.0082210964
1659.5619169092,-0.0068356390
1660.5263307423,-0.0052343230
1661.4907445754,-0.0035353559
1662.4551584086,-0.0018636525
1663.4195722417,-0.0003319076
1664.3839860748,0.0009740387
1665.3483999079,0.0019997936
1666.3128137410,0.0027274431
1667.2772275741,0.0031682078
1668.2416414073,0.0033579112
1669.2060552404,0.0033441531
1670.1704690735,0.0031758957
1671.1348829066,0.0028987348
1672.0992967397,0.0025499619
1673.0637105729,0.0021580677
1674.0281244060,0.0017503959
1674.9925382391,0.0013471460
1675.9569520722,0.0009710668
1676.9213659053,0.0006411579
1677.8857797385,0.0003751787
1678.8501935716,0.0001855237
1679.8146074047,0.0000757033
1680.7790212378,0.0000386539
1681.7434350709,0.0000609811
1682.7078489040,0.0001285926
1683.6722627372,0.0002304468
1684.6366765703,0.0003613177
1685.6010904034,0.0005220191
1686.5655042365,0.0007141483
1687.5299180696,0.0009359931
1688.4943319028,0.0011818081
1689.4587457359,0.0014408603
1690.4231595690,0.0016979226
1691.3875734021,0.0019313429
1692.3519872352,0.0021225917
1693.3164010684,0.0022582700
1694.2808149015,0.0023360671
1695.2452287346,0.0023600184
1696.2096425677,0.0023353423
1697.1740564008,0.0022639488
1698.1384702339,0.0021451842
1699.1028840671,0.0019826046
1700.0672979002,0.0017885602
1701.0317117333,0.0015824198
1701.9961255664,0.0013843008
1702.9605393995,0.0012073135
1703.9249532327,0.0010561186
1704.8893670658,0.0009275326
1705.8537808989,0.0008172105
1706.8181947320,0.0007238251
1707.7826085651,0.0006476943
1708.7470223982,0.0005899498
1709.7114362314,0.0005516068
1710.6758500645,0.0005298868
1711.6402638976,0.0005211409
1712.6046777307,0.0005180475
1713.5690915638,0.0005125968
1714.5335053970,0.0004955943
1715.4979192301,0.0004620141
1716.4623330632,0.0004109291
1717.4267468963,0.0003452465
1718.3911607294,0.0002685470
1719.3555745626,0.0001875726
1720.3199883957,0.0001089058
1721.2844022288,0.0000404857
1722.2488160619,-0.0000102024
1723.2132298950,-0.0000348409
1724.1776437281,-0.0000313612
1725.1420575613,-0.0000029876
1726.1064713944,0.0000414646
1727.0708852275,0.0000894600
1728.0352990606,0.0001287540
1728.9997128937,0.0001499158
1729.9641267269,0.0001470541
1730.9285405600,0.0001212714
1731.8929543931,0.0000791126
1732.8573682262,0.0000310868
1733.8217820593,-0.0000111214
1734.7861958925,-0.0000410199
1735.7506097256,-0.0000589162
1736.7150235587,-0.0000707643
1737.6794373918,-0.0000841443
1738.6438512249,-0.0001015096
1739.6082650580,-0.0001217354
1740.5726788912,-0.0001390049
1741.5370927243,-0.0001457293
1742.5015065574,-0.0001381375
1743.4659203905,-0.0001150300
1744.4303342236,-0.0000789148
1745.3947480568,-0.0000361392
1746.3591618899,0.0000057816
1747.3235757230,0.0000395295
1748.2879895561,0.0000604180
1749.2524033892,0.0000692528
1750.2168172224,0.0000696856
1751.1812310555,0.0000675402
1752.1456448886,0.0000644179
1753.1100587217,0.0000593751
1754.0744725548,0.0000486406
1755.0388863879,0.0000306904
1756.0033002211,0.0000065449
1756.9677140542,-0.0000188515
1757.9321278873,-0.0000404708
1758.8965417204,-0.0000548598
1759.8609555535,-0.0000613574
1760.8253693867,-0.0000603812
1761.7897832198,-0.0000544612
1762.7541970529,-0.0000449639
1763.7186108860,-0.0000340295
1764.6830247191,-0.0000238895
1765.6474385523,-0.0000144106
1766.6118523854,-0.0000039215
1767.5762662185,0.0000100305
1768.5406800516,0.0000281494
1769.5050938847,0.0000491610
1770.4695077178,0.0000687822
1771.4339215510,0.0000817651
1772.3983353841,0.0000842537
1773.3627492172,0.0000753770
1774.3271630503,0.0000572486
1775.2915768834,0.0000343298
1776.2559907166,0.0000121074
1777.2204045497,-0.0000039025
1778.1848183828,-0.0000101408
1779.1492322159,-0.0000060212
1780.1136460490,0.0000053239
1781.0780598821,0.0000184656
1782.0424737153,0.0000273249
1783.0068875484,0.0000279692
1783.9713013815,0.0000193857
1784.9357152146,0.0000038097
1785.9001290477,-0.0000144925
1786.8645428809,-0.0000314692
1787.8289567140,-0.0000431897
1788.7933705471,-0.0000478155
1789.7577843802,-0.0000448209
1790.7221982133,-0.0000338051
1791.6866120465,-0.0000151018
1792.6510258796,0.0000089646
1793.6154397127,0.0000333312
1794.5798535458,0.0000512625
1795.5442673789,0.0000560852
1796.5086812120,0.0000425679
1797.4730950452,0.0000108779
1798.4375088783,-0.0000341127
1799.4019227114,-0.0000819791
1800.3663365445,-0.0001207053
1801.3307503776,-0.0001401388
1802.2951642108,-0.0001341092
1803.2595780439,-0.0001021725
1804.2239918770,-0.0000504814
1805.1884057101,0.0000114558
1806.1528195432,0.0000717369
1807.1172333764,0.0001202955
1808.0816472095,0.0001502128
1809.0460610426,0.0001584903
1810.0104748757,0.0001457439
1810.9748887088,0.0001156848
1811.9393025419,0.0000729146
1812.9037163751,0.0000235165
1813.8681302082,-0.0000272123
1814.8325440413,-0.0000738975
1815.7969578744,-0.0001115522
1816.7613717075,-0.0001361454
1817.7257855407,-0.0001460732
1818.6901993738,-0.0001410368
1819.6546132069,-0.0001231440
1820.6190270400,-0.0000954446
1821.5834408731,-0.0000615765
1822.5478547063,-0.0000245885
1823.5122685394,0.0000127259
1824.4766823725,0.0000482291
1825.4410962056,0.0000784111
1826.4055100387,0.0000999434
1827.3699238718,0.0001088187
1828.3343377050,0.0001031357
1829.2987515381,0.0000840617
1830.2631653712,0.0000553592
1831.2275792043,0.0000228041
1832.1919930374,-0.0000074929
1833.1564068706,-0.0000298822
1834.1208207037,-0.0000415180
1835.0852345368,-0.0000419316
1836.0496483699,-0.0000331876
1837.0140622030,-0.0000193336
1837.9784760362,-0.0000052302
1838.9428898693,0.0000040305
1839.9073037024,0.0000053380
1840.8717175355,-0.0000011782
1841.8361313686,-0.0000132390
1842.8005452017,-0.0000253618
1843.7649590349,-0.0000331489
1844.7293728680,-0.0000336040
1845.6937867011,-0.0000260564
1846.6582005342,-0.0000137450
1847.6226143673,-0.0000003303
1848.5870282005,0.0000106722
1849.5514420336,0.0000174474
1850.5158558667,0.0000199596
1851.4802696998,0.0000183864
1852.4446835329,0.0000138498
1853.4090973661,0.0000073412
1854.3735111992,-0.0000003584
1855.3379250323,-0.0000075264
1856.3023388654,-0.0000130163
1857.2667526985,-0.0000155993
1858.2311665316,-0.0000148164
1859.1955803648,-0.0000100426
1860.1599941979,-0.0000015754
1861.1244080310,0.0000099575
1862.0888218641,0.0000230846
1863.0532356972,0.0000357798
1864.0176495304,0.0000452163
1864.9820633635,0.0000493658
1865.9464771966,0.0000471935
1866.9108910297,0.0000395837
1867.8753048628,0.0000279410
1868.8397186959,0.0000160915
1869.8041325291,0.0000070375
1870.7685463622,0.0000023845
1871.7329601953,0.0000028733
1872.6973740284,0.0000081019
1873.6617878615,0.0000168475
1874.6262016947,0.0000273091
1875.5906155278,0.0000370347
1876.5550293609,0.0000442896
1877.5194431940,0.0000470539
1878.4838570271,0.0000428940
1879.4482708603,0.0000312815
1880.4126846934,0.0000130559
1881.3770985265,-0.0000089982
1882.3415123596,-0.0000307113
1883.3059261927,-0.0000491129
1884.2703400258,-0.0000611099
1885.2347538590,-0.0000660118
1886.1991676921,-0.0000652092
1887.1635815252,-0.0000605194
1888.1279953583,-0.0000540294
1889.0924091914,-0.0000474006
1890.0568230246,-0.0000412621
1891.0212368577,-0.0000361339
1891.9856506908,-0.0000311551
1892.9500645239,-0.0000246602
1893.9144783570,-0.0000144617
1894.8788921902,0.0000010435
1895.8433060233,0.0000213789
1896.8077198564,0.0000430015
1897.7721336895,0.0000612412
1898.7365475226,0.0000712997
1899.7009613557,0.0000697651
1900.6653751889,0.0000574694
1901.6297890220,0.0000368159
1902.5942028551,0.0000125260
1903.5586166882,-0.0000117396
1904.5230305213,-0.0000334347
1905.4874443545,-0.0000507091
1906.4518581876,-0.0000621924
1907.4162720207,-0.0000673671
1908.3806858538,-0.0000651787
1909.3450996869,-0.0000559270
1910.3095135201,-0.0000395514
1911.2739273532,-0.0000180909
1912.2383411863,0.0000059682
1913.2027550194,0.0000295581
1914.1671688525,0.0000503021
1915.1315826856,0.0000657916
1916.0959965188,0.0000747371
1917.0604103519,0.0000755728
1918.0248241850,0.0000678847
1918.9892380181,0.0000507811
1919.9536518512,0.0000249475
1920.9180656844,-0.0000063321
1921.8824795175,-0.0000375492
1922.8468933506,-0.0000629140
1923.8113071837,-0.0000777516
1924.7757210168,-0.0000800350
1925.7401348500,-0.0000708770
1926.7045486831,-0.0000554190
1927.6689625162,-0.0000381034
1928.6333763493,-0.0000225141
1929.5977901824,-0.0000096938
1930.5622040155,0.0000004008
1931.5266178487,0.0000094264
1932.4910316818,0.0000192985
1933.4554455149,0.0000308642
1934.4198593480,0.0000431156
1935.3842731811,0.0000555165
1936.3486870143,0.0000659139
1937.3131008474,0.0000726464
1938.2775146805,0.0000742276
1939.2419285136,0.0000704925
1940.2063423467,0.0000621395
1941.1707561798,0.0000504263
1942.1351700130,0.0000363800
1943.0995838461,0.0000214350
1944.0639976792,0.0000058763
1945.0284115123,-0.0000105321
1945.9928253454,-0.0000278994
1946.9572391786,-0.0000458646
1947.9216530117,-0.0000628692
1948.8860668448,-0.0000765596
1949.8504806779,-0.0000834839
1950.8148945110,-0.0000807113
1951.7793083442,-0.0000676602
1952.7437221773,-0.0000458506
1953.7081360104,-0.0000193812
1954.6725498435,0.0000060337
1955.6369636766,0.0000253245
1956.6013775097,0.0000348070
1957.5657913429,0.0000338754
1958.5302051760,0.0000257139
1959.4946190091,0.0000151548
1960.4590328422,0.0000068930
1961.4234466753,0.0000041951
1962.3878605085,0.0000067112
1963.3522743416,0.0000106575
1964.3166881747,0.0000112190
1965.2811020078,0.0000053949
1966.2455158409,-0.0000067820
1967.2099296741,-0.0000225171
1968.1743435072,-0.0000368271
1969.1387573403,-0.0000440882
1970.1031711734,-0.0000407098
1971.0675850065,-0.0000283303
1972.0319988396,-0.0000100486
1972.9964126728,0.0000076951
1973.9608265059,0.0000187498
1974.9252403390,0.0000200359
1975.8896541721,0.0000125431
1976.8540680052,0.0000014654
1977.8184818384,-0.0000070247
1978.7828956715,-0.0000093137
1979.7473095046,-0.0000039541
1980.7117233377,0.0000066526
1981.6761371708,0.0000194427
1982.6405510040,0.0000318840
1983.6049648371,0.0000433707
1984.5693786702,0.0000548792
1985.5337925033,0.0000650884
1986.4982063364,0.0000716829
1987.4626201695,0.0000702326
1988.4270340027,0.0000573902
1989.3914478358,0.0000328530
1990.3558616689,0.0000006657
1991.3202755020,-0.0000308412
1992.2846893351,-0.0000528304
1993.2491031683,-0.0000605541
1994.2135170014,-0.0000530877
1995.1779308345,-0.0000361993
1996.1423446676,-0.0000169084
1997.1067585007,-0.0000169084
1998.0711723339,-0.0000169084
1999.0355861670,-0.0000169084
2000.0000000001,-0.0000169084
